1000000
500000
666667
500000
800000
333333
857143
500000
666667
400000
909091
333333
923077
428571
533333
500000
941177
333333
947369
400000
571429
454545
956522
333333
800000
461538
666667
428571
965518
266666
967742
500000
606061
470588
685714
333333
972973
473684
615385
400000
975610
285714
976745
454545
533333
478261
978724
333333
857143
400000
627451
461538
981133
333333
727272
428571
631579
482759
983051
266666
983607
483871
571429
500000
738461
303030
985075
470588
637681
342857
985916
333333
986302
486486
533333
473684
779221
307692
987342
400000
666667
487805
987952
285714
752941
488372
643679
454545
988765
266666
791209
478261
645161
489362
757895
333333
989691
428571
606061
400000
990100
313725
990292
461538
457143
490566
990655
333333
990826
363636
648649
428571
991151
315789
765217
482759
615385
491525
806723
266666
909091
491803
650407
483871
800000
285714
992126
500000
651163
369230
992367
303030
812030
492537
533333
470588
992701
318840
992806
342857
652483
492958
839161
333333
772414
493151
571429
486486
993289
266666
993378
473684
627451
389610
774193
307692
993631
493671
654089
400000
819876
333333
993866
487805
484848
493976
994012
285714
923077
376470
631579
488372
994220
321839
685714
454545
655367
494382
994414
266666
994476
395604
655738
478261
778378
322580
855615
489362
571429
378947
994765
333333
994819
494845
492307
428571
994924
303030
994975
400000
656717
495050
827587
313725
780488
495146
637681
461538
861244
228571
995261
490566
657277
495327
781396
333333
829493
495413
657535
363636
868778
324324
995516
428571
533333
495575
995595
315789
995634
382609
519481
482759
995709
307692
782979
491525
658228
403361
995816
266666
995851
454545
666667
491803
685714
325203
874494
483871
658635
400000
996016
285714
869565
496063
501960
500000
996109
325581
833977
369230
643679
496183
996198
303030
784906
406014
659177
492537
996283
266666
996310
470588
527473
496350
727272
318840
996390
496403
645161
342857
996442
326241
996467
492958
505263
419580
836237
333333
941177
386207
659794
493151
996588
285714
786440
486486
606061
496644
882943
266666
837210
496689
660067
473684
786885
313725
996743
389610
660195
387097
996785
307692
996806
496815
457143
493671
996846
327044
877743
400000
660437
409938
891641
333333
738461
496933
660551
487805
838906
242424
996979
493976
648649
497006
788060
285714
997033
461538
660767
376470
879765
315789
857143
488372
510144
497110
997119
321839
997135
342857
615385
454545
997168
327683
788732
494382
537815
497207
997215
266666
947369
497238
606061
395604
789041
327868
997276
478261
650407
389189
840971
322580
997320
427807
533333
489362
891247
285714
997362
378947
661417
497382
997390
333333
623376
497409
651163
494845
997430
246153
900256
428571
661578
497462
789873
303030
997482
497487
541353
400000
997507
328358
893300
495050
533333
413793
884521
313725
997556
390244
661801
495146
842615
318840
790361
461538
661871
430621
997614
228571
997625
497630
652483
490566
752941
328638
843091
495327
559441
390698
997680
333333
997691
414746
514943
495413
906179
328767
997723
363636
571429
434388
997743
324324
791012
497758
662193
428571
997773
266666
886918
495575
662252
497797
632967
315789
997812
497817
627451
382609
997831
259740
997841
482759
516128
497854
997859
307692
844350
391490
662421
491525
887950
329114
757895
403361
654089
497908
997913
266666
898129
497925
546584
454545
791752
333333
997947
491803
662577
342857
997964
325203
908723
437246
484848
483871
845071
329317
997996
400000
662675
498008
998012
285714
792080
434782
615385
496063
998036
250979
845401
500000
631579
498054
792233
325581
889749
416988
662813
369230
998081
321839
998088
496183
457143
498099
910816
303030
956522
392453
655367
406014
900563
329588
792524
492537
662943
498141
779221
266666
998152
498155
662984
470588
792660
263736
998172
496350
655738
363636
914701
318840
846293
498195
518919
496403
998205
322580
901610
342857
570410
498221
998224
326241
792920
498233
571429
492958
998243
252631
998249
419580
663177
418118
765217
333333
998267
470588
663213
386207
846816
329896
891939
493151
492307
498294
998297
285714
916808
393220
663283
486486
998314
303030
645378
496644
663317
441471
998331
266666
998337
418604
656717
496689
727272
330033
998353
473684
551725
393442
903437
313725
998369
498371
520325
389610
998380
330097
998385
387097
637681
498392
847513
307692
800000
498403
574163
496815
915739
228571
998416
493671
663507
498423
793700
327044
791209
438871
657277
400000
998440
330218
998445
409938
520930
445820
998455
333333
893682
369230
552995
496933
998469
330275
793893
487805
657535
419453
998483
242424
998488
498489
579185
493976
649624
324324
923539
497006
663677
394030
894188
285714
998515
498516
533333
461538
998523
330383
848306
376470
663730
439882
998536
315789
794160
428571
663756
488372
905661
255072
998553
497110
519481
498559
794244
321839
918221
498567
663806
342857
998574
307692
921764
454545
521986
498584
848657
327683
998590
394366
658228
494382
925666
268907
671328
497207
663877
498607
998610
266666
848821
473684
663901
497238
772414
303030
998625
395604
666667
394521
919289
327868
998636
498638
457143
478261
895522
325203
998647
389189
582996
420485
998655
322580
794631
498660
658635
427807
849133
266666
998669
489362
664011
445623
794702
285714
998679
498681
579710
378947
998686
330708
849279
497382
501960
498695
907431
333333
998700
311688
664073
497409
998707
325581
774193
494845
555985
498715
924262
246153
896287
450128
643679
428571
794904
330788
998730
497462
664132
394937
849558
303030
907945
498741
523271
497487
998746
270676
921152
400000
659177
498753
896638
328358
655900
446650
664189
495050
998764
266666
998767
413793
664207
442260
795092
313725
925337
498778
527473
390244
998782
330900
998785
495146
484848
421307
998791
318840
998794
395181
664260
461538
806723
330935
795209
430621
645161
498807
998809
228571
965518
498812
664295
497630
738461
326241
779221
490566
664311
376470
930670
328638
998828
421545
505263
495327
998834
279720
998836
390698
557492
498840
998842
333333
795376
498845
627451
414746
897583
257471
909300
495413
659794
453089
685714
328767
998860
498861
664392
363636
998865
285714
998868
434388
524293
498871
998873
324324
850393
395506
606061
497758
927212
331096
795531
428571
588629
498886
934372
266666
923419
443459
558140
495575
795580
331126
998898
497797
660067
316483
998903
315789
898138
498906
524590
497817
850600
313725
998912
382609
664495
498915
910076
259740
778378
498920
660195
482759
998924
258064
812030
497854
664523
498929
684491
307692
998933
422174
664537
391490
998938
331210
933192
491525
457143
443974
998945
329114
910432
378947
664564
403361
998951
327044
795812
497908
585163
498956
850886
266666
967742
449064
660437
497925
795855
273292
998966
454545
594427
395876
998971
333333
850976
498973
492307
491803
998977
331288
898877
342857
660551
498982
998983
325203
795939
454361
559271
437246
934278
242424
998991
483871
664653
422535
795980
329317
998997
498998
648649
400000
719281
331337
925225
498008
525373
499006
929495
285714
999009
396040
664689
434782
999013
307692
662069
496063
660767
499018
999019
250979
999021
422700
586510
500000
780488
315789
911392
498054
571429
396117
999031
325581
999032
444874
510144
416988
925748
331406
999038
369230
664746
499040
851390
321839
688995
499044
664757
496183
999047
228571
999049
498099
615385
455408
796208
303030
851467
478261
664779
392453
999058
327683
999060
406014
525821
450281
899719
329588
999065
396262
537815
492537
939422
331471
781396
498141
664810
389610
911955
266666
936171
499076
631579
498155
663594
331492
999081
470588
606061
396330
999084
263736
999086
499086
526027
496350
999089
327868
851683
363636
664851
457350
999094
318840
695022
423146
650407
498195
999099
259459
900091
496403
560648
499102
796412
322580
999105
450804
664880
342857
931312
285205
999110
498221
533333
499112
819876
326241
999115
396460
594165
498233
900265
285714
796476
492958
664908
499121
927129
252631
851885
499124
661417
419580
796507
331588
941586
418118
664927
382609
999132
333333
999133
499133
415584
470588
912706
331606
931838
386207
651163
423408
999141
329896
796567
445969
664953
493151
852010
246153
999147
498294
600170
499148
782979
285714
900595
458404
661578
393220
999154
331641
791209
486486
526582
499157
999158
303030
941969
322689
664988
496644
999162
331658
796652
441471
541353
499165
900751
266666
999168
499168
665005
418604
796680
328358
927921
496689
595533
363636
852188
330033
999176
499176
533333
473684
999179
275862
938475
393442
589681
451718
999183
313725
685714
499184
665037
498371
999187
260162
999188
389610
661801
499190
699595
330097
999192
499192
561743
387097
928284
318840
901046
498392
526907
423756
943064
307692
999200
400000
661871
498403
852355
287081
796812
496815
665076
457869
999206
228571
913561
499208
665083
493671
695651
331753
852408
498423
652483
396850
944138
327044
933229
395604
501960
438871
999217
328638
999219
400000
562061
499220
999221
330218
796887
499222
559441
409938
999225
260465
999226
445820
665120
499227
667181
333333
999229
446840
665127
369230
999232
276497
999233
496933
514943
499234
999235
330275
733385
396946
604119
487805
913938
328767
796958
419453
665149
499241
999242
242424
999243
499244
571429
498489
784906
289592
999247
493976
665162
324811
909091
324324
945237
461770
527341
497006
852655
331838
914115
394030
662193
447093
929263
285714
797026
499257
665182
498516
934026
266666
852702
461538
591279
499261
797048
330383
940309
424152
662252
376470
999266
331864
944975
439882
421978
499268
999269
315789
972973
397080
665208
428571
999272
331878
727272
488372
627451
452830
852792
255072
999276
499276
665221
497110
797112
259740
934391
498559
665227
397122
914450
321839
852835
459110
516128
498567
901932
331902
999286
342857
665239
499287
940841
307692
797153
460881
562901
454545
999291
260993
929837
498584
662421
424328
797173
327683
914608
499295
591967
394366
827587
329114
999298
494382
505263
462833
999300
268907
999301
335664
654089
497207
999303
331938
668990
498607
665275
499305
999306
266666
902151
424410
598753
473684
752941
331950
999309
497238
546584
386207
999311
303030
999312
499312
527834
395604
947152
333333
999315
394521
665298
459644
738209
327868
797270
499318
662577
498638
914908
228571
999321
478261
665309
447760
786440
325203
853081
499323
605815
389189
999325
291497
999326
420485
484848
499327
999328
322580
999329
397315
563381
498660
999331
329317
706354
427807
665331
424566
999333
266666
935377
499334
662675
489362
669768
332005
902455
445623
665341
397351
999339
285714
930602
499339
528053
498681
949242
289854
829493
378947
615385
499343
999344
330708
786885
424639
665357
497382
902551
250979
999347
498695
563601
453715
797394
333333
947301
499350
631579
311688
942245
332036
999352
497409
528155
499353
744667
325581
999355
387097
593167
494845
999357
277992
797428
498715
662813
462131
999359
246153
853299
448143
665387
450128
797444
321839
999362
428571
665392
397452
999364
330788
839161
499365
457143
497462
935955
332066
999367
394937
607210
424778
999369
303030
797476
453972
637681
498741
853367
261635
950346
497487
655367
499373
702194
270676
999374
460576
600376
400000
999376
329588
853400
498753
528349
448319
999378
328358
999379
327951
662943
446650
999381
332094
713312
495050
519481
499382
999383
266666
999384
499383
665435
413793
738461
332103
999386
442260
662984
397546
853465
313725
943050
462668
528440
498778
999390
263736
902990
390244
665448
499391
949483
330900
671125
499392
655738
495146
931474
242424
915808
421307
609801
499395
797583
318840
999397
499397
564196
395181
903071
332130
999399
461538
518919
403361
999401
330935
999401
397605
665470
430621
853556
322580
788060
498807
601073
499404
943419
228571
975610
482759
570410
498812
797626
332147
853586
497630
665483
369230
936725
326241
999410
389610
528613
490566
999411
332155
999412
376470
571429
465335
916031
328638
703811
499414
665495
421545
999415
252631
949153
495327
665499
499417
685714
279720
931859
499418
663177
390698
999419
278745
999420
498840
510144
499421
903301
333333
749566
397688
665511
498845
999423
313725
797695
414746
663213
448791
952272
257471
999426
454649
564545
495413
797708
329896
999428
453089
594627
342857
932040
328767
999430
499430
492307
498861
853728
332196
999432
363636
665531
499432
952922
285714
797734
499434
611205
434388
949690
262146
745342
498871
663283
499436
788732
324324
999438
425196
665543
395506
916339
303030
999440
497758
430252
463606
999441
331096
999442
397766
663317
428571
903514
294314
797772
498886
665554
467186
853807
266666
999445
461709
665558
443459
757895
279069
916436
495575
656717
397790
999448
331126
833977
499449
484848
497797
944414
330033
932381
316483
665569
499451
999452
315789
789041
449069
551725
498906
951339
262294
999454
497817
602292
425299
797820
313725
903647
499456
665579
382609
853884
332247
937602
498915
520325
455038
999459
259740
976745
389189
665587
498920
932542
330097
672776
482759
665590
499462
839161
258064
999463
406014
637681
497854
797856
332261
999465
498929
565009
342245
999466
307692
999467
499466
533333
422174
999468
332268
999468
391490
574163
499469
853957
331210
712997
466596
610493
491525
999471
228571
951877
443974
665611
499472
797889
329114
853980
455216
663507
378947
999474
332282
903836
403361
529133
499475
999476
327044
944997
397906
527473
497908
999478
292581
797912
498956
657277
425442
937990
266666
932848
483871
665627
449064
623376
330218
954852
497925
665630
397927
999483
273292
999483
499483
520930
454545
916882
297213
854048
395876
665637
499485
951107
333333
797944
425488
595788
498973
999487
246153
999488
491803
552995
499488
720204
331288
938171
449438
665646
342857
954615
330275
916964
498982
529262
499491
854093
325203
904012
397970
657535
454361
999494
279635
789873
437246
665655
467139
999495
242424
854114
499495
665659
483871
797985
332326
999497
422535
579185
397990
904069
329317
999499
499498
433083
498998
999500
324324
999500
400000
