4999939 56
1 188
18971 3793644
42316 8462957
67297 13458881
68274 13654403
74893 14977576
152064 30412542
170371 34073602
176581 35315944
194847 38968592
4220597 844118930
4222190 844437661
4254468 850892867
4274369 854873670
4275489 855096914
4344485 868896353
4346910 869380743
4380657 876131297
4390403 878080531
4398067 879612922
4411759 882351581
4430140 886026840
4437730 887544981
4437733 887546303
4441747 888349044
4441749 888349156
4447414 889482760
4453706 890741118
4453707 890741118
4586361 917271815
4646120 929223944
4652917 930582494
4664937 932987312
4669105 933820913
4669108 933821182
4669109 933821644
4707101 941419073
4709121 941823914
4717898 943578959
4723525 944704589
4726955 945390094
4741491 948297999
4741494 948298386
4741497 948299192
4741499 948299656
4802612 960521744
4802615 960522555
4830612 966122061
4883203 976640071
4901198 980238732
4906050 981209749
4928968 985793194
4928970 985793815
4964951 992989892
4978977 995795353
4999939 999987253
