1000
1.01126
6.07227
2.73974
8.27866
6.26508
5.31886
4.15262
9.06366
8.40556
7.71944
2.56697
8.73049
7.39451
5.62181
3.73595
1.13486
1.82263
4.28007
2.32582
2.49309
9.89673
5.01123
2.07175
1.04202
1.0802
4.40092
5.78497
6.14066
6.41588
6.46449
2.49611
6.96741
5.0571
4.1691
1.51335
6.46916
8.04987
8.22346
5.67895
3.71755
8.88375
7.54009
9.60311
9.33146
5.85418
2.28104
5.15873
3.11795
8.76016
2.88641
8.01691
8.59288
9.97116
9.99725
6.50349
4.53194
3.39592
3.67553
8.5613
1.21369
4.38279
1.83361
7.09485
1.50594
1.0791
9.26911
3.48299
3.45607
6.29118
7.22065
8.5385
7.53844
5.36445
2.84823
7.69362
5.21613
5.12165
9.54241
7.69994
1.97452
6.39143
4.46712
7.61507
6.4807
6.15165
4.25205
2.36399
3.02594
4.82638
8.22593
5.65395
9.90991
7.76394
4.11005
2.52083
6.91577
5.42708
1.57186
7.29783
5.54326
2.32746
9.54625
2.27418
9.14606
7.23603
3.72744
4.83901
1.63338
9.69951
7.14869
2.3791
8.89529
8.39512
6.23844
2.72216
2.60103
8.35475
5.27738
2.39998
5.53529
7.58815
4.65032
3.51622
6.11869
7.14017
7.80267
7.49724
5.27766
2.10718
4.31028
8.51213
1.31587
5.65313
6.96686
4.83599
1.94211
9.54405
9.29246
5.94592
4.1139
5.24552
4.37483
8.62282
3.85186
5.10489
3.447
9.84674
3.6802
7.6527
6.1055
2.76391
7.85183
8.55498
4.57891
5.5081
9.01147
1.2472
9.95166
6.15329
1.45457
5.78195
2.7466
8.58739
6.64083
6.91852
2.78066
8.57942
2.10993
1.98935
7.68813
3.82659
9.46962
3.57472
4.02683
2.26237
7.59777
8.51158
7.37199
6.40214
7.72494
3.27451
2.30027
1.01456
1.54906
8.25614
8.67364
2.8952
2.04044
5.97888
1.12827
2.02396
5.09061
7.76998
7.17533
5.89099
1.66497
4.93048
2.81747
7.26597
3.61318
4.9302
3.09186
6.20081
5.79321
6.65813
2.44172
5.53722
9.66738
7.26185
9.32322
2.70952
4.02353
2.60515
9.9566
5.11698
9.98215
1.87756
6.62654
1.84954
4.93954
9.38365
1.4359
9.05158
3.61016
3.04572
7.9216
4.69646
2.81774
6.65264
6.4373
5.06452
5.19718
6.38044
6.71252
8.69314
8.45912
6.62297
7.48817
6.09177
4.3762
2.65844
7.64116
5.99619
9.14579
3.1858
2.70046
6.44252
7.28657
6.26151
4.16169
5.45015
1.72347
7.66671
6.50844
6.58342
7.2201
8.24076
2.34202
6.18433
8.8096
9.20402
6.53233
7.54915
1.38893
7.00998
9.78878
3.83511
6.12281
3.75243
2.56532
1.97699
8.82141
8.661
7.69884
2.39393
3.94223
1.71413
1.68941
6.76882
8.38002
5.90582
5.0343
4.68081
3.68871
5.19004
5.51085
2.37388
3.90735
7.64199
3.82495
8.44017
9.63167
8.86013
7.52525
3.70052
9.49599
2.14508
1.59163
8.0647
5.72124
6.48674
9.60503
1.65041
8.88073
6.88473
3.89911
1.94321
5.54546
3.04379
3.61263
9.27982
5.96048
6.96521
2.03082
5.43284
4.41218
5.4713
8.14023
5.58336
4.4413
7.19346
5.78936
6.45653
4.55666
1.05301
7.37089
1.90558
6.60759
8.76922
5.42351
7.72604
5.47212
4.42097
8.06827
5.97531
4.21387
9.60146
6.67763
2.58922
4.36824
2.18464
7.6895
9.56548
6.50789
1.2505
3.9686
1.50319
6.75289
2.18464
8.62365
8.77883
6.37193
7.49477
8.68572
1.13211
2.13822
7.37117
6.55431
2.9581
1.59355
2.52028
6.61693
4.06885
3.87466
4.30808
6.949
8.22153
8.26191
5.73882
6.49992
8.18363
9.10541
2.30329
6.67159
4.62175
3.2833
2.22886
8.69671
1.59548
4.85028
6.16016
3.72057
5.93246
3.03006
3.80215
1.99567
8.27235
2.21238
3.55824
8.09299
9.05707
8.10672
7.69417
6.537
4.25013
8.70989
3.05643
8.77224
3.06494
3.24595
5.88165
9.86349
1.48424
1.73281
5.72207
4.84121
1.85202
3.32917
9.02383
3.09488
2.31895
2.12586
9.38475
1.721
1.42381
1.52846
4.02765
9.23231
4.58742
4.89505
9.51549
8.53465
5.80804
8.57888
7.2418
4.57918
3.33247
1.039
5.73031
9.59322
4.58824
3.16987
6.27003
3.29621
7.1561
9.50752
4.91949
9.01202
1.06455
9.46879
6.41395
8.07541
6.1901
2.28187
3.00095
4.44707
1.03845
4.76128
1.74023
6.93939
8.69588
1.58367
8.29954
6.95862
7.2234
8.22428
5.77123
7.17066
2.28489
7.20554
7.55107
7.9996
1.27961
8.81811
6.80068
7.35908
1.76907
5.96789
9.53114
1.52901
3.47475
2.30659
9.83602
6.57985
3.63021
9.30235
4.30781
7.25086
2.96771
2.40327
3.16492
5.69295
9.12052
1.95776
9.12381
4.97552
1.721
8.03888
2.5461
9.76955
7.98285
8.83349
2.89575
5.10956
1.03378
7.7557
2.02643
4.64235
3.80023
9.93353
1.34718
3.26875
2.70348
3.22919
2.38157
6.58287
8.96835
9.45177
2.76089
8.01691
6.81002
6.91082
9.18232
5.09912
9.29163
6.97757
2.35685
6.72707
6.12583
4.79836
9.4872
5.86517
6.20713
5.82809
3.29759
4.57259
4.15235
1.3296
8.15726
2.76858
1.63256
4.50475
6.31672
1.63833
2.77902
2.403
6.79904
5.08896
6.43867
7.27613
4.97168
7.16022
4.56874
8.52147
6.32991
2.79632
9.54515
8.88403
4.52535
9.88711
2.66778
9.06146
6.17005
4.97855
6.64605
7.37666
1.44661
3.57006
3.34181
4.66872
9.05789
7.39177
7.55602
9.06449
4.5421
4.57671
9.1348
3.77743
4.49293
6.13517
4.18201
7.60326
7.70818
7.62743
7.6549
2.25385
2.80154
3.45332
7.12397
9.20017
4.31056
5.65889
1.98441
9.16694
2.82763
5.66164
6.89352
4.94668
7.18879
1.81384
1.71606
1.682
1.25022
4.19575
3.76507
7.27558
2.28407
4.55364
1.61058
7.08167
7.52443
2.78835
7.24619
6.5414
6.89407
5.89593
1.8847
5.90829
1.44661
9.7712
5.17631
9.72973
7.5508
5.77865
7.1193
7.23521
4.34901
4.4976
1.44963
8.288
2.52605
1.54741
3.79501
8.0603
2.91223
3.89718
5.36198
1.0824
4.95877
5.57073
6.45351
7.82684
4.60967
4.14823
8.58382
9.48088
6.60979
9.97555
1.48122
6.06568
8.77197
4.48085
3.75765
3.55797
1.24033
6.51311
4.52068
1.16755
1.27934
5.10132
8.72143
9.43089
4.61708
7.54558
6.50432
8.27537
8.87881
6.24339
6.35517
1.71111
8.13858
5.15983
6.31562
6.30491
6.12281
8.34458
7.05475
4.0922
1.09201
3.4058
4.07407
3.08884
7.93918
4.34571
8.82882
2.0517
7.5302
6.66033
9.04553
2.64718
5.82012
9.11805
8.02075
9.68688
2.77627
9.11393
8.17676
9.58058
8.6393
9.01312
6.65841
2.66915
6.55239
3.38493
3.25584
7.5898
8.09299
2.53841
7.425
5.32847
1.73336
8.25889
8.69808
2.12174
3.76727
6.15989
5.25678
7.85842
2.72683
7.54997
9.95523
1.13816
6.8287
7.22477
2.56725
1.64904
3.47475
7.08963
8.55031
6.00992
4.34104
8.01553
3.09268
6.7441
3.08499
2.84136
9.73934
3.53572
1.206
7.92297
2.36647
1.42271
1.08322
4.13724
6.79492
4.08918
4.73107
4.74865
1.81603
5.90664
7.29344
4.04193
6.91769
8.88623
5.8193
6.13022
1.48589
5.19196
3.33988
4.84121
8.77004
5.37928
1.78692
6.09232
7.38462
8.0062
8.77801
8.65496
3.63707
8.77938
6.80425
7.72164
8.45775
7.89056
8.84722
9.1749
9.21281
5.69762
4.96152
1.96875
4.18613
8.40748
4.84945
2.52852
1.00769
6.91714
7.96197
1.5735
1.80834
4.47096
7.155
8.2685
2.38679
2.28571
1.43617
4.11527
1.167
9.80581
6.8287
1.48286
9.22736
6.73724
4.88543
1.18952
3.18332
4.52754
6.8861
8.03696
1.20545
8.4344
2.24589
6.7084
5.95361
9.85141
5.17081
2.9331
3.70629
8.03943
4.08286
5.32545
6.47218
1.92261
9.85992
7.80239
2.35795
5.10764
7.40468
9.98874
7.97955
6.77486
6.59084
9.51494
7.19346
3.60823
6.1044
3.61345
5.93411
7.41127
3.21793
5.9201
5.43367
9.5685
7.02838
7.88644
6.61034
5.01178
8.18885
7.70983
9.9003
2.84164
6.66527
9.18836
6.32167
9.26554
5.54985
5.40455
5.04749
9.00406
9.46358
2.64635
3.26765
2.82708
7.57442
9.47017
6.62572
1.37217
6.77212
1.31065
6.00717
5.90033
5.017
1.55235
9.96429
2.14975
6.40819
1.4532
2.55516
6.94214
3.99194
3.84362
6.88226
4.69481
4.84753
2.99463
7.10666
2.49803
5.47789
5.5688
8.22456
4.91565
1.04065
4.05539
4.38307
2.15717
8.44594
7.59969
9.02026
6.78997
6.85534
5.63033
7.60573
7.63457
9.61382
5.19251
4.26936
2.00967
9.14194
8.391
5.09308
1.97809
8.82498
7.85238
1.35212
4.75002
9.42512
1.60976
2.48375
2.90152
2.05225
6.32002
2.06516
6.56447
6.22086
7.21268
7.58403
9.24082
7.02756
3.68651
8.27976
4.40367
9.97748
7.95264
2.83972
2.53511
4.49431
2.63097
6.22883
2.76061
9.64129
2.71227
4.43553
3.73595
2.08741
2.78341
1.41612
7.94055
7.84936
8.92935
1.01593
5.0376
4.83737
8.21384
5.15213
5.45372
7.74444
3.14652
6.03464
1.83471
9.29823
9.04443
8.71319
1.5367
5.41801
6.68834
7.72494
7.80459
3.30171
9.18918
8.12787
2.79659
5.97559
1.46117
5.69955
8.11332
7.33738
1.21644
7.58568
5.98025
9.22791
8.87991
8.17237
3.74886
4.55446
5.33699
1.47325
6.8677
1.00769
7.9172
7.80569
2.9776
2.39283
1.51775
7.03552
1.29417
4.1128
7.2808
8.18336
4.92636
9.83547
6.71993
3.65767
5.29276
8.8692
1.71358
1.90887
2.28901
2.28709
9.26197
3.77853
4.36439
