85 84
334 55
63 23
505 61
307 49
117 22
191 46
426 47
311 37
440 57
77 30
227 26
281 38
208 37
127 34
59 52
82 45
107 25
93 40
182 73
287 29
421 84
29 14
74 71
27 25
22 5
295 51
307 50
340 53
181 28
312 125
216 31
177 35
221 53
56 37
317 49
1618 201
551 67
159 28
145 39
382 43
279 37
509 53
1353 145
281 48
73 32
325 63
53 17
219 25
127 44
473 59
232 27
349 35
3339 334
826 127
145 32
146 43
136 37
488 57
74 61
149 34
11 6
525 74
128 85
109 101
241 26
101 29
159 46
151 24
361 50
111 13
98 13
397 74
94 33
377 49
193 37
169 33
334 35
6414 833
77 39
147 23
344 77
99 13
162 25
203 33
370 87
26 11
118 39
111 23
255 31
147 26
109 11
295 38
411 100
63 25
408 59
521 96
11 7
270 37
255 46
128 55
611 64
116 51
375 41
275 38
41 11
271 56
49 30
999 103
193 27
69 29
427 48
361 43
131 21
49 18
268 103
259 31
95 18
12007 5003
155 28
129 17
93 20
109 31
361 59
357 50
554 71
1252 167
95 18
59 28
125 29
332 39
25 19
147 26
209 30
619 128
68 35
649 68
381 41
220 37
181 44
278 53
1623 371
388 45
104 27
342 67
131 38
128 13
449 122
176 23
116 19
105 38
212 27
864 101
87 19
314 57
757 84
106 85
408 41
80 13
16 11
185 32
173 63
541 63
166 25
256 37
114 41
592 69
116 55
181 91
469 61
88 23
464 49
168 47
302 75
138 61
509 67
366 43
258 35
429 67
224 29
167 51
23 10
68 67
79 51
322 39
399 46
194 67
51 25
275 46
44 39
85 42
56 11
101 13
287 40
324 55
208 125
212 43
231 82
356 49
271 75
212 43
269 87
31 5
168 29
273 41
83 34
299 54
2446 253
305 42
317 34
84 31
169 42
99 38
229 23
220 43
559 56
92 49
444 67
98 53
163 33
563 60
56 39
353 39
213 59
67 22
301 38
155 33
293 104
153 23
103 16
157 31
369 71
134 21
443 66
426 49
313 37
298 45
322 43
530 87
302 69
109 41
298 39
1499 250
439 48
86 27
27 10
335 52
838 115
263 42
129 31
109 20
81 47
23 3
371 57
79 12
361 50
206 25
82 35
235 38
185 21
405 44
405 62
385 51
25 18
1409 201
509 52
257 67
300 49
319 85
59 23
83 42
247 28
511 59
408 53
79 33
138 35
12 7
49 29
643 95
176 21
313 53
146 29
117 25
166 45
109 21
259 47
159 67
211 54
405 53
983 257
211 25
183 19
381 43
301 40
37 10
959 101
103 48
78 49
250 31
349 61
240 37
365 38
33 20
373 42
179 26
425 109
103 53
61 11
70 23
112 31
1095 118
149 25
202 29
67 33
201 37
353 80
290 53
407 50
67 12
151 34
223 31
110 19
297 46
360 79
79 75
199 27
101 53
185 28
114 13
141 26
564 73
197 36
1397 316
234 29
239 40
375 89
989 103
207 31
101 39
83 19
83 38
223 29
220 23
410 63
5 4
127 32
191 127
574 85
83 38
595 69
834 95
223 35
637 85
304 35
60 53
139 65
258 35
485 74
71 24
51 32
63 25
708 107
118 29
740 191
461 107
410 59
781 95
347 42
505 88
20312 3125
401 49
173 19
76 33
427 64
171 37
174 53
78 35
287 33
67 42
97 20
154 25
160 43
350 59
100 33
270 71
399 200
91 11
73 33
121 34
2873 355
317 35
381 47
277 36
353 54
17 4
270 31
162 53
193 22
95 31
172 53
347 59
217 22
49 33
123 71
103 18
305 63
213 115
263 79
379 42
229 74
51 22
17 8
122 13
327 190
37 26
81 53
145 36
397 43
289 63
421 86
314 33
367 43
424 73
163 19
210 29
577 126
833 250
53 51
149 26
307 32
78 17
168 53
232 37
89 27
229 32
599 63
305 62
694 77
33 31
303 32
186 29
428 53
130 21
73 32
3 1
169 38
27 26
100 21
47 27
229 33
200 23
19 12
971 117
167 24
484 67
403 49
202 35
294 41
201 88
245 34
219 29
10007 1251
87 68
97 11
34 5
1045 142
23 13
185 31
305 32
26 17
205 59
113 49
482 49
454 69
167 46
400 43
56 13
29 4
92 31
125 52
212 67
74 13
228 25
92 47
593 65
199 40
327 190
209 26
191 75
127 13
447 56
53 6
139 48
281 55
31 30
349 45
77 38
65 14
19 5
149 15
31 23
134 41
73 27
155 48
131 55
599 91
287 32
293 31
69 25
473 59
395 58
387 56
854 93
515 101
223 24
307 44
304 129
74 11
49 8
499 104
370 39
305 52
509 82
204 35
122 37
439 96
191 46
105 79
155 19
191 69
80 49
455 101
379 60
59 36
164 59
125 52
1387 204
173 34
367 57
553 76
174 35
179 25
201 44
196 23
500 79
151 54
105 11
231 26
181 40
613 62
675 253
444 49
253 41
229 46
432 65
509 69
68 47
357 100
137 41
677 145
317 35
170 23
937 124
281 31
268 59
119 26
475 52
34 9
283 63
227 37
987 236
403 53
185 24
328 43
643 84
142 63
283 101
221 64
463 65
46 5
125 29
232 41
125 63
55 6
82 29
334 59
324 47
277 56
381 53
78 43
91 53
217 129
5 4
172 41
305 81
211 29
201 88
214 47
95 59
262 37
459 61
145 52
471 65
157 24
131 19
283 48
49 26
514 87
68 47
342 35
88 17
360 37
151 20
549 95
299 42
123 17
274 63
751 167
100 69
373 45
48 19
65 42
315 83
266 33
166 57
152 39
193 36
79 73
119 24
557 100
413 64
180 23
189 41
112 27
103 12
237 25
271 41
399 40
40 27
279 46
307 35
112 25
124 33
185 52
31 25
241 37
113 25
153 131
55 43
301 59
532 61
613 65
157 34
83 11
657 101
240 29
293 33
231 37
286 45
77 45
293 36
614 119
120 19
145 23
300 49
242 29
261 37
221 54
59 54
126 37
110 27
105 34
262 33
239 55
309 35
80 39
369 49
333 50
199 22
45 17
227 39
693 76
385 48
494 51
186 67
401 44
139 17
297 31
527 61
649 72
273 41
275 103
249 38
44 13
140 43
296 39
2873 355
33 13
297 40
341 64
26 15
479 58
461 53
70 33
162 43
1195 194
205 39
613 78
289 106
6274 831
448 45
74 65
239 35
354 49
95 37
94 57
205 59
397 56
171 20
607 101
178 41
505 63
167 54
290 43
327 106
179 63
224 23
99 28
35 29
2876 363
71 30
101 71
13 12
120 29
231 34
229 56
317 67
603 127
89 49
189 32
423 58
97 24
505 73
391 44
355 61
141 23
52 35
379 73
344 103
305 63
421 48
156 29
109 61
329 54
96 13
1145 143
2098 239
727 84
251 69
518 59
279 41
471 61
296 35
434 55
407 46
1312 143
304 33
245 43
129 26
63 32
180 43
227 27
257 53
134 53
127 126
588 85
207 26
96 61
85 47
76 17
322 45
339 41
105 44
16 7
79 55
107 26
293 251
353 36
239 35
43 29
203 22
411 61
171 35
44 37
156 49
163 36
303 44
1961 244
41 34
194 23
119 53
161 24
256 43
266 27
212 41
44 15
278 75
201 25
347 85
213 40
233 36
173 90
1055 107
554 71
33 14
143 28
311 42
839 84
383 48
210 31
145 22
647 68
223 31
83 23
293 48
159 44
273 46
126 17
74 23
148 25
163 30
421 44
246 35
347 44
390 59
421 84
434 53
239 31
99 10
179 63
1333 200
487 53
177 28
454 49
949 171
227 42
106 21
1810 201
388 41
172 65
183 56
82 29
356 47
161 17
53 8
59 43
149 22
38 29
757 126
59 10
281 56
59 38
279 28
230 107
314 49
93 64
23 9
243 35
447 112
123 32
117 17
169 36
223 46
500 167
334 47
627 251
367 67
245 44
403 49
290 59
26 25
73 18
469 107
41 19
625 74
2447 322
433 48
129 19
473 69
259 46
289 38
313 41
423 44
135 26
111 26
201 100
713 78
193 23
163 32
91 46
5445 617
267 34
23 17
19 4
377 40
66 41
77 31
148 51
39 19
158 25
95 46
256 39
311 50
238 33
493 65
231 25
253 36
188 51
770 93
229 52
439 44
167 21
230 81
71 28
382 85
121 46
218 35
69 25
376 39
179 66
173 39
127 34
119 57
103 37
17 12
397 50
416 53
509 57
64 63
136 27
179 37
731 89
237 46
349 64
333 43
129 41
175 29
189 103
530 57
407 45
1002 115
63 41
233 43
301 45
224 29
320 41
175 53
340 37
382 47
151 54
239 40
19 13
644 113
357 44
543 74
45 37
311 41
299 50
203 22
222 25
237 29
476 127
337 74
491 92
28 19
364 53
127 126
578 73
281 36
131 44
67 28
44 29
197 28
22 17
255 62
182 25
401 49
202 41
659 67
1895 282
128 35
217 41
204 23
197 115
397 208
87 38
151 66
389 42
359 95
323 74
308 37
44 31
458 55
3220 1019
227 25
225 68
113 33
135 47
95 31
112 13
559 63
818 91
456 53
201 31
26 19
146 57
69 26
227 54
116 23
533 200
181 20
185 28
574 97
313 34
154 27
250 33
1429 143
1021 105
273 31
488 57
58 25
201 46
210 59
33 13
371 38
261 34
514 69
23 18
245 36
291 35
526 69
92 11
70 33
127 17
35 8
226 33
194 21
1135 126
49 38
207 26
509 101
31 29
107 35
143 30
53 22
547 59
182 33
86 27
335 43
577 63
111 38
58 45
397 50
113 37
607 101
289 35
1257 145
251 63
117 20
943 95
503 57
191 28
186 61
158 19
230 53
185 43
46 35
236 39
142 31
79 38
208 53
1891 208
121 43
123 13
17 8
631 73
199 22
456 91
3002 1001
443 66
151 25
397 60
77 16
31 27
79 9
88 39
109 32
156 43
635 89
454 75
260 27
278 43
429 53
197 41
343 41
222 29
531 239
209 37
59 50
17 16
379 49
805 201
383 42
129 25
269 34
16 11
187 28
28 23
557 78
593 61
1387 252
103 14
112 33
857 102
416 61
7975 1251
145 43
877 102
257 50
116 15
279 67
26 23
238 45
239 36
190 41
187 42
156 125
727 202
223 35
197 22
533 109
563 60
209 47
603 104
12 11
674 69
536 61
232 47
197 27
999 250
122 19
203 37
332 55
50 37
229 52
127 41
519 55
297 34
329 34
311 48
269 43
103 61
429 92
326 87
214 39
43 25
559 63
157 42
241 30
498 53
277 44
601 204
130 37
260 43
204 23
13 4
245 66
513 68
1795 204
271 88
144 53
231 46
649 72
913 148
34 27
468 47
23 15
631 96
53 16
134 53
45 22
37 12
469 86
347 36
114 79
91 53
105 26
102 29
1895 336
222 41
179 38
289 31
141 22
98 27
169 32
383 83
545 57
184 31
298 35
1361 167
115 14
811 128
468 53
112 29
397 42
58 17
446 47
239 32
58 27
311 39
226 43
31 12
31 25
246 179
163 32
219 25
69 31
26 23
102 35
251 30
842 103
473 59
284 41
166 45
249 31
539 58
1244 145
156 49
236 43
134 111
37 22
23 18
143 34
119 16
211 45
181 69
81 22
95 36
547 71
73 33
157 103
149 26
203 48
190 23
260 107
464 51
94 43
24 19
129 49
485 58
107 33
135 22
202 49
334 57
440 63
433 49
263 28
599 63
109 56
69 29
277 46
566 69
480 53
38 23
177 20
857 102
382 85
196 33
148 21
86 17
219 62
105 11
551 56
287 38
629 99
107 31
35 16
89 32
269 42
237 44
298 71
132 43
191 36
383 53
143 15
176 25
315 32
91 29
253 45
153 49
663 73
343 64
193 49
216 37
178 29
141 35
62 15
53 21
65 18
113 38
335 36
268 35
157 19
281 41
359 50
223 65
403 51
109 69
757 101
358 41
110 27
284 203
209 39
19 16
393 46
197 30
305 52
354 55
361 59
1999 250
169 25
269 37
439 56
141 16
46 19
255 53
307 38
31 26
183 37
40 29
439 79
89 26
92 57
173 54
305 31
189 34
412 63
100 61
56 13
5059 527
236 27
109 27
197 62
137 38
35 24
457 46
97 38
47 29
158 53
89 24
299 37
89 13
114 65
249 74
78 35
139 47
285 47
112 43
281 42
53 27
61 12
321 41
805 201
47 31
124 35
906 125
505 57
226 37
432 49
45 26
514 63
2499 250
47 7
427 65
108 17
374 59
349 127
206 21
37 12
29 21
104 33
89 27
275 59
579 71
145 42
91 10
181 41
234 31
223 78
31 21
219 34
113 27
540 127
505 72
499 51
232 77
145 16
202 49
412 43
503 72
335 119
85 24
844 201
191 33
883 244
143 48
55 29
49 25
96 13
318 37
303 43
360 43
41 39
244 45
219 34
631 67
47 13
271 42
139 18
328 37
175 19
144 17
413 64
146 39
137 17
87 37
253 43
749 104
132 29
487 49
140 73
207 44
81 65
424 59
333 100
58 23
107 35
154 57
1568 179
181 23
10 7
337 63
128 85
415 43
30 17
341 56
715 74
635 103
481 54
131 28
162 35
288 61
284 41
328 39
694 73
110 31
49 48
419 64
13 9
145 21
331 69
211 22
251 39
73 26
175 37
187 46
152 23
240 29
24 23
37 19
596 131
199 57
104 27
362 43
191 22
194 51
164 59
444 73
496 95
229 23
534 109
259 60
701 147
183 41
417 67
1504 169
222 55
168 37
564 59
374 67
205 43
382 59
799 100
149 85
59 25
112 39
159 89
266 69
341 65
493 74
667 167
293 171
320 49
16 7
67 19
278 33
203 41
985 99
251 84
59 30
448 79
186 55
16 15
266 43
246 31
61 31
175 18
160 37
539 59
131 23
754 251
175 47
260 49
167 44
175 37
134 17
403 47
752 167
223 46
218 29
434 57
82 45
59 34
70 9
388 45
182 27
161 38
153 29
98 53
289 61
62 23
139 34
461 50
144 47
311 82
43 18
277 68
66 25
69 20
117 41
97 38
225 56
27 17
160 29
445 46
439 53
266 53
553 60
115 44
395 74
656 125
423 58
191 59
613 65
437 125
85 23
857 102
578 69
687 103
367 45
33 31
144 43
137 38
249 26
297 34
181 32
361 49
119 36
353 38
103 19
186 101
253 30
71 42
163 46
49 11
129 19
479 85
210 43
34 15
303 31
107 64
45 43
277 30
207 44
1583 203
121 45
113 59
226 47
419 59
362 63
564 67
367 43
272 79
555 101
1069 121
103 44
964 99
415 71
215 72
8 5
179 63
164 59
52 19
123 44
173 18
260 41
436 57
208 57
420 59
751 93
223 24
421 45
877 102
333 100
76 39
81 52
137 15
474 203
262 29
271 64
567 59
102 23
235 59
222 31
692 77
1397 316
534 109
99 14
177 52
294 55
23 4
263 32
277 34
409 53
113 21
169 20
193 32
179 51
664 161
58 39
957 104
118 15
259 60
85 24
148 51
149 38
45 31
411 46
149 46
190 41
129 56
435 49
123 19
153 19
97 35
233 46
542 69
24544 5009
397 59
239 29
167 65
82 21
1402 145
96 13
25 9
412 47
57 40
346 45
49 37
98 45
54 31
233 39
153 25
400 69
98 33
61 36
116 31
49 31
268 57
119 54
160 49
478 57
106 19
147 43
366 37
1156 125
44 21
655 184
427 58
110 21
84 23
242 59
229 40
83 10
164 29
167 104
457 54
545 91
114 59
162 29
238 25
473 63
258 49
248 49
241 26
196 33
283 66
439 49
111 16
82 39
167 30
169 84
95 27
219 37
268 33
134 31
410 47
793 103
326 63
161 38
229 46
527 84
75 17
301 45
319 53
171 32
145 17
171 64
62 57
117 59
56 41
749 250
109 33
61 13
140 19
314 63
156 71
171 29
331 38
223 27
83 28
326 35
149 39
87 38
84 13
59 54
48 5
391 67
121 27
10 9
47 15
314 35
1583 250
159 67
31 27
285 49
37 4
1038 151
145 48
93 20
126 13
118 63
239 52
50 9
225 56
178 45
232 35
241 74
148 41
586 101
309 34
228 43
170 43
99 14
1759 342
281 45
33 7
93 10
71 34
391 56
138 59
171 53
403 201
71 37
245 34
135 16
65 12
61 12
172 25
143 30
365 54
53 28
339 40
272 63
454 51
142 25
483 50
173 38
241 32
247 37
214 49
208 25
399 46
52 33
100 13
179 42
78 25
226 27
451 56
149 43
176 29
247 96
125 59
336 43
137 29
123 35
33 13
230 39
111 35
205 53
118 39
533 77
51 7
218 31
129 19
152 101
115 29
957 100
171 44
260 69
37 15
259 60
136 39
193 20
25 8
77 23
457 69
320 41
331 53
141 41
163 22
97 24
713 96
43 36
168 23
227 34
62 29
172 23
31 7
503 88
79 9
348 55
251 46
23 18
155 22
317 53
170 41
80 13
260 33
65 54
168 167
456 77
433 56
131 37
334 41
247 29
263 35
532 145
269 46
93 20
23 12
455 101
58 31
505 72
113 46
231 32
957 136
627 82
1502 167
164 21
49 8
44 13
503 251
143 42
783 103
676 69
124 23
135 46
156 19
202 31
91 22
171 32
719 72
48 11
305 32
200 67
367 55
68 11
97 42
431 46
169 33
278 41
23 16
352 51
169 22
511 269
1193 174
151 54
171 55
296 39
199 20
257 33
687 76
83 14
343 38
538 61
301 46
359 48
523 69
116 49
281 36
7417 3123
65 14
320 49
231 31
415 49
350 39
96 61
173 38
238 37
151 28
81 16
982 125
267 43
185 46
531 85
140 33
674 87
26 15
80 43
379 38
7 5
457 100
75 38
232 49
260 53
329 96
919 181
245 81
124 37
271 40
244 27
499 56
116 23
80 17
105 34
755 78
421 55
163 40
473 63
418 65
211 32
561 62
50 7
78 25
95 48
295 51
186 25
55 9
67 59
571 102
323 63
594 61
1288 143
205 28
106 33
56 29
17 5
265 51
407 63
49 34
273 61
248 121
589 59
337 44
67 49
53 51
349 49
269 28
471 64
256 33
59 26
341 48
228 35
209 30
499 51
1084 661
55 6
1129 129
213 32
4510 501
105 17
109 46
518 57
635 103
101 30
178 69
285 43
485 57
218 31
96 11
413 82
128 13
118 17
273 37
157 103
267 32
139 18
420 43
230 27
111 29
35 17
208 73
243 67
467 49
575 67
276 85
156 53
387 44
161 33
77 27
365 39
459 59
230 51
188 43
277 46
227 34
464 49
511 67
953 125
1129 251
244 41
442 45
439 66
233 59
151 31
432 65
1140 157
92 17
442 63
181 53
68 35
46 29
359 159
178 35
118 45
75 11
331 38
129 38
326 39
828 125
1175 127
48 25
217 66
323 59
212 29
543 74
143 72
100 23
491 92
550 57
206 109
56 11
57 31
290 51
59 15
284 35
564 67
191 25
243 40
63 43
137 51
724 73
218 45
292 43
472 63
428 47
249 29
194 21
139 26
117 22
317 42
477 61
303 68
439 57
201 58
64 15
32 25
42 5
219 28
280 57
160 53
115 66
78 23
126 19
419 53
122 31
135 41
397 74
233 30
212 35
157 38
109 15
427 44
60 13
38 11
75005 8334
918 145
239 37
260 63
271 33
525 62
1692 203
178 37
71 41
455 68
187 19
727 101
401 73
109 41
116 19
151 48
289 33
18 5
317 32
243 29
208 45
187 48
523 114
256 37
422 45
475 52
1753 501
370 47
235 41
957 100
583 63
156 23
63 44
145 43
241 67
431 53
103 31
43 12
696 167
443 48
251 30
67 21
425 109
89 29
193 20
138 43
630 67
301 36
83 43
254 41
131 43
263 60
49 18
97 12
517 57
140 37
58 39
536 69
142 19
229 38
172 29
177 41
125 63
34 21
191 24
66 53
229 59
117 31
53 23
86 15
71 18
23 3
281 44
317 51
3089 331
125 18
133 18
430 69
107 65
84 23
43 38
628 79
419 42
317 51
326 87
707 134
31 14
141 25
94 35
333 56
189 43
571 102
149 21
383 51
140 19
229 35
211 100
298 31
250 33
95 63
119 39
258 47
119 54
459 47
511 100
395 49
306 47
287 36
241 37
633 74
367 102
559 56
279 32
101 25
128 53
65 33
29 3
206 21
169 27
83 41
97 60
183 46
243 53
239 49
312 41
239 29
172 27
641 72
249 41
55 6
214 75
193 63
81 31
109 22
167 43
59 20
332 39
451 56
148 17
307 67
419 84
124 13
153 107
170 21
63 17
210 37
251 84
372 53
101 28
97 38
7372 833
667 127
352 41
313 34
351 56
73 30
336 67
464 65
209 25
305 31
281 29
259 46
43 24
67 46
291 47
517 59
1514 239
418 65
305 49
227 64
332 41
148 33
411 46
83 40
437 45
79 52
281 59
217 53
93 22
57 56
158 41
90 31
442 55
65 12
31 20
4510 501
87 19
104 17
631 126
1045 142
104 17
307 49
439 68
287 104
197 45
503 63
421 46
231 38
565 68
475 58
410 43
230 29
86 31
687 103
45 8
335 39
514 61
121 16
368 51
289 44
201 44
472 53
699 71
255 44
154 47
32 5
449 63
291 43
927 97
200 33
117 34
274 49
48 17
382 43
134 53
96 41
1882 251
484 67
505 84
1333 202
319 32
9999 1000
383 60
45 8
481 84
24 17
620 73
262 29
1782 299
53 16
65 62
2237 238
117 14
112 59
98 45
365 42
102 23
621 79
100 63
193 49
55 48
62 37
277 64
56 53
261 85
216 35
247 32
109 26
109 22
63 31
439 52
173 38
128 33
461 49
835 131
383 63
425 48
620 99
147 47
74 19
146 47
259 39
407 59
173 25
251 32
687 125
297 53
178 69
454 95
110 21
562 57
530 59
241 201
73 44
11 6
455 101
185 48
385 41
433 51
191 31
207 38
173 38
167 18
245 43
145 72
1111 127
100 21
311 40
259 26
205 67
75 59
275 53
95 46
844 201
65 16
959 101
58 49
237 25
265 33
727 91
575 72
287 37
235 36
74 53
59 40
431 72
313 43
51 23
161 45
781 103
135 34
128 31
95 17
497 54
2385 251
345 37
1129 129
233 38
331 35
224 31
485 129
367 37
111 23
511 54
335 52
168 31
127 51
173 23
36 25
133 34
558 101
125 42
41 36
29 12
449 77
152 41
311 36
136 23
286 69
92 91
84 41
25 7
95 16
127 126
292 37
27 16
287 31
421 51
95 33
187 42
161 32
319 40
133 15
351 38
193 33
469 69
406 125
202 31
163 24
245 33
115 12
325 53
113 49
33 8
349 40
1609 201
1112 145
199 21
545 66
95 48
97 47
43 35
569 60
134 27
113 40
411 61
164 59
363 91
102 13
171 25
278 29
136 57
275 41
265 102
173 36
22 13
91 20
320 41
245 31
280 33
253 35
345 74
203 37
467 69
226 129
185 52
66 25
182 59
758 115
22 17
520 53
1001 250
403 41
362 63
377 251
479 78
279 59
39 17
142 31
102 43
160 43
92 31
78 53
105 31
191 30
235 27
573 143
406 65
307 33
526 69
16 13
316 39
988 147
126 73
114 59
767 134
275 43
123 25
32 27
1408 201
206 21
110 23
37 22
94 23
260 31
71 36
484 53
320 51
244 33
169 63
320 49
18 13
255 73
248 41
412 63
154 23
359 42
326 55
245 36
43 7
183 19
55 14
73 50
187 27
37 13
179 22
198 23
137 43
491 55
232 43
540 89
221 28
19 16
395 52
98 19
65 18
155 32
89 13
85 47
419 45
38 31
144 49
536 69
199 34
232 59
32 31
46 5
469 64
179 52
262 33
107 74
316 109
74 23
314 53
16 13
101 44
181 31
351 79
189 37
1078 125
31 26
169 36
247 103
314 41
1075 253
137 31
95 39
106 25
251 46
257 67
153 35
299 50
51 7
118 23
152 35
75 26
269 27
127 53
252 59
117 23
148 51
346 41
363 40
249 34
289 59
191 26
147 41
533 100
168 65
361 69
232 59
627 131
37 31
81 16
211 57
447 112
48 41
185 31
293 34
293 37
93 14
315 53
106 15
333 34
164 31
683 73
209 29
481 70
452 59
613 67
227 38
91 20
195 44
204 25
349 127
7 2
172 103
281 63
139 35
291 59
57 35
133 26
214 39
63 37
275 34
25 11
752 109
619 74
292 61
251 84
331 38
370 47
151 38
97 57
133 86
70 23
247 44
2383 502
255 41
159 29
380 41
256 53
191 65
73 12
331 36
129 22
617 96
95 34
147 22
76 15
701 85
53 14
247 40
155 27
163 23
184 19
57 26
167 46
61 46
33 32
523 114
52 23
71 27
185 28
59 50
578 63
181 23
449 51
377 88
224 41
252 41
257 55
327 40
98 39
643 201
239 41
505 126
617 84
239 48
542 69
152 29
85 57
312 55
1244 133
127 25
346 51
115 39
153 46
351 44
399 40
505 107
118 39
283 104
318 37
213 41
159 23
47 41
178 45
418 167
546 55
909 91
302 53
511 59
77 46
172 29
915 104
1447 201
542 115
419 66
951 128
201 28
278 77
467 53
673 102
359 73
172 25
62 7
131 22
156 71
418 167
118 29
714 107
286 31
154 37
419 84
362 53
59 52
223 78
1561 264
266 29
291 35
119 39
347 43
227 34
147 44
3 1
94 29
163 28
109 14
211 25
74 55
287 36
262 27
134 59
85 84
79 9
127 18
145 33
145 31
799 100
28 15
637 68
17 4
2113 245
277 33
201 25
57 20
431 63
913 113
231 34
215 28
159 29
188 41
243 32
116 21
329 43
290 79
2380 369
278 31
446 85
271 33
19 2
249 52
195 22
307 50
579 79
327 34
167 21
167 30
325 57
41 30
613 92
137 28
326 39
232 67
144 23
68 11
141 28
424 45
369 49
457 100
135 31
299 44
83 27
2671 334
234 85
669 167
331 56
51 25
111 101
194 47
36 11
207 50
227 44
383 42
369 46
294 59
41 9
431 57
296 45
230 53
39 28
65 27
111 40
481 227
68 31
24 5
105 68
175 22
349 42
542 99
449 77
39 19
921 109
86 31
17 3
376 39
621 73
256 29
277 48
1443 251
43 13
93 19
953 125
18 11
317 49
82 57
60 43
121 46
1002 143
126 43
935 97
1733 200
179 37
291 49
183 44
307 37
135 47
44 29
247 31
119 48
889 101
134 55
377 66
435 49
153 29
128 39
59 39
155 77
157 34
88 45
412 43
9999 1000
312 115
43 5
25 16
237 29
147 65
2134 251
329 33
79 57
68 67
98 33
153 23
384 53
381 53
176 37
1367 178
97 12
201 43
193 48
50 9
104 15
96 43
147 23
486 53
185 56
565 68
479 78
277 33
379 63
113 43
386 77
410 47
821 119
333 46
71 26
447 65
197 35
141 34
410 61
411 53
123 13
929 101
1082 213
23 3
221 27
302 69
125 29
354 43
26 25
67 31
252 65
143 37
39 10
263 37
227 25
499 69
555 101
155 36
658 79
112 69
374 47
355 36
444 61
53 33
319 92
730 103
139 14
601 208
133 31
35 23
19 6
123 44
194 39
851 90
541 93
1140 157
599 200
104 17
179 38
333 43
18 11
229 28
500 51
317 53
131 30
113 66
59 10
167 24
243 44
409 56
335 56
85 21
214 47
46 19
49 29
115 43
250 69
47 27
874 125
313 42
226 33
223 34
488 57
90 77
151 19
2827 406
287 29
28 11
109 42
285 32
554 57
389 63
276 85
115 13
126 47
179 21
161 59
281 55
103 21
262 59
577 69
319 69
217 64
121 24
79 27
223 36
88 31
653 102
582 71
493 55
194 33
6232 1259
857 102
470 51
85 66
321 46
133 16
352 49
121 38
106 49
55 42
256 51
324 37
65 43
366 71
403 47
181 24
23 14
53 14
175 34
44 5
283 101
407 59
28 15
1001 250
215 39
268 103
363 53
69 35
127 24
456 77
92 51
461 53
344 37
229 42
148 35
1685 201
179 41
40 21
857 125
161 24
953 115
147 38
333 35
425 109
521 67
227 64
131 43
118 33
266 53
299 63
259 75
131 22
99 31
776 87
113 23
101 71
89 10
158 35
479 125
500 167
197 25
236 25
129 17
440 57
348 35
113 23
693 76
242 37
312 125
491 58
502 167
200 43
160 21
363 49
81 13
909 92
49 48
314 33
268 43
241 47
107 22
207 49
367 57
377 59
341 71
37 33
27 14
141 22
200 63
335 167
180 131
143 32
115 42
74 57
241 27
138 41
621 79
61 10
97 82
171 55
403 47
268 31
89 46
316 43
503 68
28 19
93 52
309 34
597 64
191 47
113 21
77 10
198 25
47 21
474 65
133 23
155 32
59 19
376 45
109 58
286 49
477 61
314 37
353 41
187 54
119 20
295 44
97 23
105 16
331 34
638 85
282 31
403 41
3499 500
43 35
170 27
151 18
309 77
167 22
245 44
207 43
23 21
277 46
125 21
153 28
470 51
287 72
319 92
469 62
92 21
149 38
313 53
367 37
911 100
74 25
79 24
151 41
464 53
86 41
694 77
105 34
528 59
113 19
212 67
1381 145
334 67
411 53
55 48
533 109
406 55
313 82
309 44
118 45
97 40
303 61
386 143
400 43
719 72
422 51
56 23
281 45
599 64
227 49
462 53
117 59
134 39
155 46
317 45
199 49
439 44
439 79
259 39
607 101
553 76
283 46
167 46
385 43
399 40
83 50
322 37
71 26
187 35
151 62
177 26
201 29
149 22
241 29
303 34
88 13
211 24
407 42
2333 250
56 47
15 11
588 67
287 33
278 39
163 21
261 43
115 19
102 31
163 24
638 65
142 45
809 96
763 79
291 64
290 53
387 52
585 71
561 67
509 57
75 59
97 47
116 53
31 16
76 39
244 25
177 40
679 88
195 34
116 51
51 20
97 13
2196 251
163 29
314 53
61 18
351 44
165 37
131 41
767 94
376 53
116 51
71 9
124 33
275 46
231 52
474 203
300 41
54 23
2231 224
284 33
151 19
89 37
209 67
284 43
25 12
207 35
302 77
287 32
361 43
2447 322
253 39
83 21
41 23
481 66
157 19
267 68
322 43
346 45
155 36
1208 125
151 22
65 53
92 17
114 55
61 16
134 23
109 13
468 85
167 68
120 17
401 95
182 135
67 33
115 74
331 51
545 91
257 100
818 101
205 36
15 8
57 41
423 58
127 44
193 22
337 34
479 52
105 79
67 35
157 20
121 41
52 35
156 17
341 41
679 124
131 32
71 18
458 67
1257 145
266 73
239 35
239 41
671 112
237 59
182 47
83 18
261 46
100 39
102 23
81 34
197 41
64 45
619 74
122 37
41 18
271 203
491 64
479 59
313 45
293 30
440 53
297 35
125 63
163 17
353 43
13 3
68 41
48 43
81 11
13 2
358 41
323 33
104 27
687 76
3457 402
66 53
330 49
78 61
531 85
94 83
85 47
79 19
895 107
103 76
277 31
195 68
99 64
119 29
285 56
933 280
602 67
57 40
177 37
121 34
242 37
1271 167
352 39
310 37
388 69
140 27
207 32
747 161
111 40
92 33
427 54
301 41
48 11
122 45
420 43
151 40
365 58
299 68
105 38
109 21
167 78
354 97
45 19
607 101
61 8
311 53
156 125
178 29
395 104
126 31
1895 203
123 28
148 51
133 45
1933 200
52 33
17 4
1759 450
295 63
47 21
453 56
206 41
300 37
147 17
421 54
197 63
139 34
1006 201
151 64
181 26
116 15
148 23
152 43
64 19
229 40
457 52
492 65
103 38
53 46
117 31
64 13
146 23
257 61
52 15
172 25
288 65
87 22
80 17
397 42
449 51
97 17
211 25
1419 167
167 39
654 89
124 19
151 34
87 28
251 31
289 48
101 40
150 31
169 43
353 101
319 32
37 25
589 63
212 33
260 29
47 42
229 41
221 43
148 25
128 45
183 23
75 53
167 17
540 127
1419 167
645 104
171 41
40 31
199 44
209 46
526 63
504 65
228 53
389 54
39 8
257 28
143 32
957 136
857 102
209 47
50 37
269 58
403 51
141 29
85 22
62 27
232 59
899 100
19 9
292 61
155 21
88 29
237 70
232 33
398 71
126 25
243 28
451 63
156 29
249 53
1096 203
1408 201
177 32
501 83
97 40
151 59
383 44
88 13
19 6
193 26
190 31
189 41
127 22
87 23
503 57
763 92
287 40
373 47
128 25
595 69
68 63
129 13
214 27
245 57
5059 527
39 31
639 74
31 17
11 3
103 31
13 12
199 61
710 183
133 30
331 35
137 15
468 47
233 38
137 30
193 37
353 65
331 58
81 34
328 59
2477 254
758 101
166 39
142 41
72 49
211 30
301 31
69 40
293 34
53 12
181 43
407 41
529 53
405 44
177 20
253 28
455 71
158 51
959 222
333 65
139 29
265 102
137 27
67 46
231 59
357 44
331 54
37 21
140 37
317 37
261 41
259 29
70 43
209 26
7 4
167 28
266 51
368 39
143 17
160 17
259 30
170 61
107 12
93 44
223 36
71 63
749 97
202 31
817 107
296 31
367 45
348 55
361 85
212 33
295 43
217 45
21 10
73 31
220 31
633 74
298 33
173 45
45 16
421 48
35 23
47 37
379 55
48 37
43 37
1628 265
59 17
46 5
477 61
172 33
219 38
134 27
450 49
831 88
37 4
98 39
223 78
74 31
107 29
362 41
374 49
223 112
275 57
413 64
291 32
157 36
582 71
436 57
226 43
177 32
749 125
581 61
1621 221
603 127
201 38
244 31
342 41
101 19
641 74
393 56
3796 439
111 17
437 125
94 27
73 23
199 73
61 31
227 34
63 46
1119 112
134 19
97 39
144 55
43 28
694 73
183 46
283 39
170 27
418 51
631 126
983 257
1396 159
325 57
161 20
476 127
202 55
281 37
714 143
52 49
374 71
133 31
61 51
431 46
162 31
427 48
79 12
399 46
192 71
193 49
46 15
239 29
43 31
200 37
31 29
391 94
149 20
321 46
163 30
26 15
183 46
136 35
437 125
229 31
229 29
121 37
60 23
253 35
24544 5009
121 27
303 62
491 62
170 49
285 31
578 61
193 48
238 69
421 48
117 56
47 32
137 42
254 29
112 27
500 79
509 156
33 17
281 45
408 43
174 53
73 19
61 27
1541 629
100 17
437 54
289 100
464 47
171 32
238 93
43 23
145 48
368 37
109 41
238 31
284 75
172 31
236 27
2999 500
113 12
1758 251
149 25
19 11
50 19
380 59
103 29
168 29
85 67
488 49
296 43
243 32
178 25
511 66
277 30
191 36
379 62
221 36
257 55
869 98
214 39
74 27
2231 224
366 53
163 20
287 48
103 15
53 38
538 61
277 38
362 41
197 85
293 136
191 26
59 44
359 70
280 43
71 16
219 44
227 43
80 23
87 59
55 37
48 5
104 27
137 51
383 49
503 57
276 53
71 28
88 35
379 63
74 11
217 22
318 43
222 101
514 61
53 29
268 143
293 42
82 11
98 27
329 37
141 59
267 31
318 37
149 53
1069 121
209 27
185 28
350 67
58 45
52 45
265 41
28 27
135 29
196 29
190 37
292 61
373 44
1207 201
182 33
461 54
568 201
485 58
268 31
613 97
819 85
189 55
359 36
240 37
633 101
94 39
2087 313
104 55
116 45
232 39
257 27
212 29
415 66
53 43
128 37
729 91
67 23
359 68
123 38
680 69
317 35
541 104
179 42
1000 127
133 100
115 74
61 28
407 42
249 53
207 38
208 29
68 25
383 51
249 38
73 47
23 15
296 59
290 51
251 26
83 63
222 23
59 19
149 42
990 101
111 19
1864 203
133 50
62 39
98 37
143 31
986 101
378 115
1135 126
75 11
339 53
859 92
27 7
123 16
41 32
421 47
79 16
95 41
107 29
411 100
131 52
241 27
161 30
111 59
100 17
141 55
1249 250
1487 286
91 19
197 41
271 47
174 53
139 37
281 31
63 31
131 35
231 68
95 56
157 59
1002 115
337 60
49 32
289 36
218 55
111 16
568 63
237 38
463 63
146 53
61 17
469 102
94 37
97 35
279 43
319 36
148 61
514 61
577 103
95 42
947 186
657 100
79 31
451 57
295 51
68 31
327 58
695 92
288 37
303 32
158 41
267 37
72 11
1351 229
301 46
398 83
269 38
137 48
59 15
379 62
133 34
49 15
614 119
510 79
35 22
2098 239
403 45
151 48
270 53
155 17
299 31
62 53
257 63
503 63
60 37
307 57
471 74
452 49
193 49
369 58
497 52
609 71
109 21
184 25
118 53
1238 259
247 74
13974 1471
591 62
175 53
60 13
79 30
151 32
1419 167
77 24
179 36
199 27
205 46
149 39
669 67
443 45
193 145
108 11
643 67
288 37
209 61
34 11
368 59
49 44
113 40
418 45
140 51
439 59
353 45
124 27
139 16
395 48
108 35
271 28
220 31
179 38
233 69
52 51
59 50
161 33
377 45
163 51
185 46
35 23
81 38
79 58
1999 204
708 125
148 63
119 78
1387 183
235 37
221 33
384 101
259 62
97 45
311 108
1068 115
421 46
103 44
469 69
418 73
22 9
266 33
151 20
236 31
374 43
235 36
575 67
447 76
95 53
346 53
240 31
41 22
53 8
97 23
281 43
275 36
429 92
296 45
861 103
507 68
43 33
22 15
1507 251
183 34
557 100
120 73
368 45
373 38
51 43
154 23
223 35
394 49
63 41
54 43
145 38
97 15
427 65
288 65
415 53
593 61
253 31
364 37
25 3
157 30
185 31
80 37
586 101
240 37
419 45
272 41
38 11
184 33
87 17
374 59
224 25
173 33
283 116
163 21
157 29
201 25
175 23
178 21
472 53
433 64
276 61
186 55
153 107
137 20
33 29
445 53
538 57
243 31
559 58
573 143
625 71
95 59
193 57
127 49
613 82
163 36
233 38
256 37
51 11
17 15
370 67
1117 115
461 70
262 47
567 67
637 73
109 21
94 67
474 203
352 49
439 48
65 34
37 8
53 51
219 32
251 26
559 56
181 46
323 63
326 35
181 22
49 15
268 57
125 19
2638 315
69 11
158 63
279 67
433 53
301 46
414 53
511 59
105 17
63 22
121 13
100 23
179 36
448 51
403 67
259 46
189 55
451 93
146 45
429 59
887 115
2003 342
233 43
303 43
150 31
213 35
235 39
92 91
259 27
47 25
409 63
1504 167
137 53
1253 167
159 127
68 19
41 8
85 32
249 43
230 33
287 29
277 42
88 45
423 98
99 25
62 51
175 53
253 26
159 139
157 26
541 80
233 43
101 19
1187 125
321 50
275 29
8 5
103 19
427 64
151 96
197 39
343 300
163 46
190 27
127 45
28 9
343 53
281 49
326 39
253 30
277 44
28 13
193 20
701 85
237 35
269 67
169 55
342 79
317 43
272 91
71 25
628 71
715 74
99 58
34 21
33 20
337 48
349 36
259 41
93 23
604 201
245 33
326 43
197 21
429 47
543 67
275 39
73 50
13 3
422 45
100 17
97 12
193 39
508 53
289 44
341 51
127 53
196 29
159 44
112 15
477 64
95 48
437 72
142 29
136 41
872 139
277 62
139 23
135 104
417 43
192 31
191 29
92 67
39 22
252 37
113 19
257 40
23 12
78 23
484 109
273 29
271 30
221 30
155 84
174 53
223 25
288 29
53 16
171 35
82 31
57 37
3499 500
261 34
949 171
143 19
273 43
758 101
204 29
103 14
548 65
427 59
92 33
889 159
82 37
591 62
327 38
181 36
127 30
58 23
235 43
104 17
441 59
71 42
337 84
1237 152
599 100
166 19
291 41
46 39
72 35
61 13
214 47
383 70
633 100
663 73
479 125
46 15
366 37
200 27
165 29
856 115
83 52
220 59
334 35
289 36
260 27
376 39
113 42
466 57
213 32
55 39
379 42
83 50
247 29
355 47
755 102
201 28
305 39
199 26
597 256
331 56
319 34
110 41
157 50
358 37
331 48
577 60
152 29
302 53
224 39
99 13
340 39
299 54
121 36
167 65
227 39
323 45
96 19
183 56
163 19
542 69
677 145
399 100
217 69
389 149
145 18
333 34
15 14
278 39
242 145
50 39
134 63
31 8
233 32
9 8
94 33
114 37
253 31
128 31
502 53
374 39
163 35
323 63
197 21
293 48
18 7
97 28
222 59
190 39
172 53
143 60
403 252
258 31
23 4
250 31
708 125
122 45
264 29
171 106
330 43
206 39
2201 319
185 32
163 31
559 56
444 61
122 33
581 149
269 51
11933 1565
831 349
1252 167
129 16
113 59
257 35
326 57
215 26
226 55
139 46
353 52
44 21
584 167
45 19
364 53
365 43
263 41
217 26
793 103
85 22
427 52
60 13
135 14
57 22
751 153
238 33
43 24
101 44
581 107
311 48
62 27
255 73
265 27
59 29
609 71
109 42
433 100
71 14
325 34
308 53
49 26
139 37
48 5
895 112
374 49
1009 112
436 47
398 207
35 29
169 31
299 31
463 65
156 35
250 43
67 21
271 74
138 65
72 11
535 59
82 27
289 31
174 25
133 17
73 11
315 38
333 50
531 125
175 62
406 125
418 49
377 251
31 6
146 25
275 54
352 49
166 43
2 1
182 73
1883 251
77 20
97 10
561 95
121 38
163 44
541 64
475 181
256 35
163 21
1504 501
91 55
331 38
349 53
83 40
222 55
346 43
324 35
142 39
263 34
628 145
461 54
139 90
138 59
138 47
453 61
244 41
47 14
270 71
197 32
97 39
424 45
1249 250
283 46
572 127
244 59
371 51
83 42
279 44
365 127
186 19
273 31
31 30
149 28
337 35
110 17
395 74
883 126
69 16
153 16
220 63
193 73
407 41
339 35
199 43
520 61
141 35
442 53
781 95
1145 117
2005 501
199 57
542 57
1193 314
335 334
179 41
79 63
237 25
98 19
265 28
115 24
360 53
73 23
35 8
505 88
434 47
604 201
57 13
226 31
369 43
690 251
292 31
562 125
169 46
53 12
153 35
95 39
127 23
96 11
307 42
123 16
287 52
213 59
49 30
897 112
169 28
589 69
127 19
97 21
13 11
1052 143
117 20
365 91
393 56
87 31
47 10
527 79
143 72
307 42
34 29
237 31
89 31
79 15
337 63
99 74
97 48
306 41
377 48
310 57
321 35
621 80
762 103
430 67
244 53
147 19
402 73
215 62
109 56
639 68
327 47
631 76
291 31
247 37
215 36
330 49
145 22
132 73
448 79
160 17
320 63
127 24
216 37
147 17
180 53
86 9
320 49
265 56
231 61
232 77
287 38
95 11
311 32
254 45
215 34
230 51
1286 143
49 13
25 21
109 28
259 45
629 77
35 13
117 29
93 13
1487 286
367 63
323 35
259 26
177 25
362 53
283 33
367 37
370 53
350 41
437 72
85 12
727 80
421 54
923 170
149 50
71 31
225 28
373 39
297 38
533 200
251 46
864 95
359 42
351 55
377 38
73 40
932 153
271 52
81 20
609 71
321 34
233 44
9646 1009
53 41
384 77
162 49
81 34
273 47
236 49
197 42
531 70
166 23
111 34
74 35
275 36
53 44
281 33
398 51
117 29
439 53
243 44
2804 719
344 35
1621 221
249 31
289 82
227 32
123 92
181 91
448 79
137 20
389 40
48 43
394 41
72 29
115 51
452 57
139 20
401 49
186 19
285 143
694 77
643 68
169 43
271 28
445 46
566 69
135 23
271 33
230 53
171 23
303 41
145 23
125 104
145 129
75 31
611 67
63 44
140 43
307 34
81 28
72 49
47 30
53 23
197 22
169 55
359 71
279 40
435 46
241 74
674 87
452 49
96 61
107 28
94 53
283 33
464 49
68 19
258 41
145 34
499 104
127 32
116 51
274 91
193 32
488 53
494 51
119 26
43 31
364 55
73 9
183 26
28 17
300 41
2333 250
216 35
108 41
324 47
99 10
50 13
64 39
583 63
281 45
363 41
163 17
102 11
227 31
353 39
192 37
331 61
116 49
382 61
221 32
74 71
411 53
199 71
111 56
7 3
241 37
69 17
205 28
197 25
141 40
253 36
86 57
355 53
586 59
45 14
96 35
256 39
211 24
95 53
144 29
110 63
879 251
115 47
83 42
500 51
73 24
206 43
333 34
291 52
229 24
53 30
83 40
385 47
330 53
342 43
173 94
454 95
70 31
329 46
59 45
145 44
254 39
187 36
157 22
253 43
255 53
346 37
307 35
41 7
83 50
49 15
218 41
337 46
3 1
414 47
173 31
187 23
37 36
439 65
94 57
701 85
979 114
377 66
226 129
184 79
645 104
159 38
131 23
200 21
105 47
156 17
251 29
83 9
781 125
139 15
442 67
533 77
347 43
38 15
877 108
256 29
235 42
217 51
671 84
37 11
170 59
114 13
375 46
457 63
53 15
79 55
243 44
95 22
29 15
126 31
608 115
130 23
349 55
425 63
272 45
341 64
205 32
80 23
577 88
63 10
571 63
418 167
302 41
237 31
79 54
146 39
167 54
38 21
620 63
36 11
47 28
809 101
242 49
336 41
77 23
16 11
89 30
175 36
127 49
324 43
583 125
219 28
143 16
190 41
121 27
809 126
110 19
127 34
1908 203
346 41
333 65
76 31
127 52
415 62
205 22
5 3
429 67
624 125
97 51
319 43
291 104
37 27
255 73
336 41
703 125
105 53
515 59
247 75
329 37
352 41
39 16
498 53
443 52
673 84
317 54
121 30
415 63
243 44
231 25
181 59
541 57
76 17
159 67
288 49
289 32
80 69
147 31
199 37
71 24
213 40
715 74
263 74
329 41
17 8
272 55
269 58
227 45
19 18
47 17
533 70
103 34
154 23
430 61
229 37
427 48
97 36
1051 253
551 62
915 104
347 39
411 100
1164 181
181 21
403 67
49 22
346 49
377 67
199 53
293 55
91 23
128 69
20 11
7 5
167 38
223 69
53 20
167 21
218 77
195 28
3069 571
449 77
229 24
359 159
101 21
51 28
383 48
344 71
155 26
263 30
202 31
442 69
367 62
287 44
141 38
442 131
513 68
193 35
75 13
205 49
173 22
531 86
75 14
500 59
341 45
67 22
1939 303
58 45
106 41
212 31
158 39
402 41
224 57
156 19
112 25
272 59
79 38
86 9
115 44
509 63
135 46
140 39
63 25
20 7
1085 167
1758 251
462 61
502 167
47 30
329 33
43 21
259 38
6279 668
193 51
95 22
131 27
182 27
53 37
284 45
350 67
119 29
811 128
75 14
166 25
47 27
207 34
263 43
342 47
101 11
227 24
554 57
181 26
162 43
222 41
64 23
322 33
289 57
253 39
415 49
29 12
337 60
53 43
47 9
110 19
252 37
289 57
365 39
151 41
178 21
263 36
38 33
419 51
163 56
68 19
541 63
109 34
93 50
39 25
44 31
680 103
483 145
1463 160
148 17
83 33
344 45
457 46
192 43
69 37
213 28
256 35
109 67
486 53
347 42
137 20
214 31
26 17
102 95
215 23
61 9
63 19
143 72
59 45
193 31
112 43
156 25
269 44
137 58
551 62
247 46
176 67
269 58
241 34
881 95
397 46
30 17
564 67
64 23
634 65
336 67
220 31
189 41
55 13
177 35
2229 298
199 39
383 61
383 48
34 13
249 53
442 53
181 32
190 33
251 167
757 126
19 17
179 26
211 36
303 62
418 59
545 56
31 13
135 26
142 43
146 43
399 43
243 26
73 15
2005 334
17 7
125 37
293 136
617 82
64 9
184 77
211 38
29 9
334 43
365 127
664 69
397 51
229 40
263 63
13 7
606 79
9 7
165 34
61 36
46 17
289 57
49 39
135 46
151 34
314 39
29 14
158 49
675 92
197 32
251 49
83 30
167 23
319 36
283 67
81 28
107 45
77 46
359 43
188 51
160 27
293 37
124 21
30 7
83 14
149 40
169 18
191 38
628 67
129 49
266 51
293 48
2688 391
514 53
440 63
62 33
188 43
359 42
589 59
250 167
75 26
173 33
653 71
1001 334
551 56
180 41
189 41
160 29
193 24
123 28
126 41
130 27
71 40
361 85
131 37
27 10
158 51
990 101
25 13
75 29
146 25
73 15
109 46
117 31
376 45
32 29
486 59
157 59
242 37
383 63
249 38
562 125
614 67
200 37
341 37
71 8
151 25
541 101
105 38
1737 202
215 53
331 48
153 31
15 14
434 57
62 25
228 29
296 43
751 167
127 80
386 63
204 43
127 27
294 55
552 85
162 67
239 56
409 50
35 22
185 21
81 31
89 9
67 29
79 8
110 13
185 23
42 13
250 167
560 57
122 15
31 11
153 77
169 33
197 59
443 66
59 8
397 50
172 27
404 41
35 31
258 47
1075 253
234 85
331 39
5717 693
296 35
227 34
45 44
311 35
526 63
245 81
75 46
219 37
342 37
169 36
46 7
820 89
453 56
287 33
85 31
101 36
349 49
250 43
107 38
241 34
143 17
44 17
193 26
775 87
383 44
237 37
337 56
374 39
275 29
269 27
270 41
199 45
221 29
601 87
291 37
121 14
317 37
161 55
241 75
367 57
274 29
181 20
128 71
54 53
502 167
568 67
183 56
219 35
485 129
349 36
187 125
159 32
833 250
283 46
254 33
149 64
93 10
326 35
237 37
28 19
161 64
58 25
352 63
79 28
401 122
275 34
454 101
57 8
587 63
23 11
288 65
402 59
324 67
511 67
132 43
371 43
107 60
218 45
233 31
173 19
280 43
149 16
195 29
27 14
377 48
362 67
67 46
422 253
859 143
492 53
201 37
359 36
199 28
696 71
1385 177
285 37
91 31
369 46
1129 129
446 63
351 76
19 7
427 43
399 92
473 82
523 69
302 33
76 39
271 39
53 36
161 24
122 31
740 191
331 61
379 40
353 38
223 27
178 23
185 39
121 20
100 27
38 13
150 23
517 57
141 31
137 14
94 39
431 48
225 73
44 31
349 127
59 42
478 53
353 42
131 61
224 25
119 45
143 36
61 55
85 21
289 52
31 9
193 33
419 84
347 37
47 10
168 167
75 49
59 25
143 36
81 34
398 43
228 43
7 4
188 43
451 57
249 44
427 53
26 21
378 41
269 37
821 119
127 26
577 63
151 42
179 29
116 27
299 41
206 109
271 40
349 66
79 69
369 71
2087 253
143 25
218 69
326 43
75 44
611 69
415 66
1080 127
95 22
87 44
279 32
173 63
140 27
104 35
313 54
197 34
101 36
176 59
96 17
218 27
251 63
383 56
167 47
199 25
39 16
360 43
509 67
438 55
141 29
96 29
191 34
468 67
237 41
289 100
669 334
428 53
420 71
130 19
198 37
241 94
127 53
242 35
863 156
449 112
497 52
441 67
33 28
139 49
50 19
124 59
334 41
301 59
97 19
919 96
1027 524
322 39
211 42
43 20
110 29
348 65
135 67
298 73
999 500
535 96
283 53
208 27
96 11
275 29
223 39
147 29
687 103
159 20
181 81
265 36
351 79
128 21
81 10
7 4
996 103
645 104
111 13
362 53
13 4
454 91
163 102
197 37
119 41
153 71
129 25
109 21
91 37
240 67
301 38
187 24
479 48
307 43
354 41
257 31
727 101
685 81
893 203
290 59
701 84
28 5
380 41
109 15
379 78
97 24
403 45
53 23
28 27
659 67
232 47
118 37
367 45
167 49
383 44
97 21
126 31
283 36
166 37
309 53
415 86
6 5
87 40
313 53
177 52
163 68
88 9
223 34
47 16
356 41
97 45
346 43
275 36
377 63
427 128
1895 298
364 37
526 59
335 41
74 17
591 82
45 37
65 14
395 44
347 45
107 35
121 47
213 23
73 32
151 136
272 45
130 21
156 23
201 53
295 47
237 29
269 29
241 93
163 38
9209 1001
333 65
187 65
285 56
237 32
309 31
119 29
101 60
183 20
251 31
138 49
408 53
377 88
163 31
413 65
225 58
16 9
219 26
481 103
53 42
10 3
51 20
212 41
280 53
96 23
63 8
215 36
129 49
828 125
744 85
297 85
220 31
339 35
335 39
448 51
173 24
496 95
97 51
331 51
144 29
409 59
102 101
118 63
659 103
272 35
453 61
536 61
436 47
179 20
157 64
883 126
19 11
317 44
415 46
364 37
266 33
187 76
53 23
901 96
59 9
18 7
247 27
372 109
128 17
163 26
65 23
266 43
514 61
1335 334
181 35
101 24
131 21
282 59
159 61
281 125
497 55
177 64
334 47
226 63
71 38
216 25
134 37
405 59
171 25
127 23
7 1
588 79
269 74
247 29
83 14
113 24
111 34
152 23
373 47
121 38
341 64
125 63
423 53
249 28
306 55
398 61
345 74
363 41
305 34
241 68
218 61
635 89
58 7
9 2
76 13
407 64
373 41
94 53
161 67
121 15
317 43
40 33
159 20
395 214
300 31
296 39
52 23
153 20
66 35
60 23
54 31
278 45
95 58
172 37
20 7
115 66
89 66
213 31
128 53
151 20
307 34
461 52
921 127
394 45
49 18
94 63
87 20
140 17
308 53
113 37
52 27
170 49
1504 167
279 43
283 63
346 41
389 42
439 57
197 36
203 41
245 29
19 11
274 63
288 31
897 112
62 7
136 23
231 64
278 63
260 31
371 43
374 47
85 23
183 44
227 86
191 30
35 6
267 28
72 29
170 59
209 49
179 36
431 48
53 27
181 34
431 63
32 5
439 48
258 53
271 74
115 18
176 21
221 28
429 67
185 109
133 45
74 53
419 84
111 34
233 53
101 44
331 58
130 23
43 19
637 66
319 69
263 28
544 87
113 112
209 24
223 27
382 85
693 76
211 44
785 112
41 28
188 39
139 23
410 89
276 43
563 60
65 16
535 63
302 31
299 33
50 37
100 17
264 37
398 77
335 54
169 63
27 26
58 9
85 31
4761 2381
51 16
692 77
667 206
355 61
56 15
50 11
172 27
89 48
14 5
135 16
279 61
151 136
471 68
74 19
277 34
36 5
236 45
65 59
158 37
764 77
118 15
235 27
727 96
22 19
258 31
89 11
86 25
277 42
1632 251
173 24
59 16
395 74
447 56
16 5
115 17
1345 136
37 32
172 65
51 44
775 102
395 49
223 23
62 29
208 23
213 64
131 27
433 51
113 33
207 50
288 61
324 73
205 59
250 29
218 23
31 23
298 43
168 37
383 41
64 45
105 34
177 37
453 46
213 53
166 37
795 107
197 47
376 43
354 49
403 51
244 45
3339 334
175 44
188 31
132 35
537 59
527 73
184 19
352 51
164 61
217 25
295 71
85 63
4759 501
36007 10002
407 59
109 56
339 80
369 64
123 23
1587 167
251 26
97 51
732 149
301 40
722 85
217 40
73 19
429 59
1253 167
245 48
241 55
117 62
290 57
51 11
47 15
408 41
2003 342
46 17
359 51
228 37
269 58
61 40
133 15
1187 125
13 6
45 32
199 43
431 45
48 23
383 60
169 35
153 98
340 53
483 65
193 39
133 16
83 20
103 24
184 89
119 13
479 78
235 43
131 26
144 29
90 23
153 35
471 58
106 27
142 31
218 35
22 15
163 35
79 52
299 64
530 83
547 134
95 16
338 35
53 30
674 87
473 59
567 74
456 53
159 23
16 9
360 37
559 56
221 27
223 42
360 67
218 23
199 25
181 51
534 109
239 55
214 33
131 21
307 50
265 49
265 34
148 35
677 131
243 40
187 142
413 53
335 84
348 65
688 107
94 23
465 53
191 36
90 19
793 94
84 11
307 45
84 25
19 12
183 73
149 29
316 35
557 65
521 167
602 67
235 73
95 28
95 26
179 47
117 28
171 55
171 56
312 35
607 67
111 13
137 16
2506 501
439 44
156 71
418 167
294 37
121 37
147 55
521 53
77 34
86 15
273 34
220 63
78 67
336 55
306 41
44 39
220 23
260 27
49 27
475 52
157 39
107 22
517 101
231 41
163 55
49 29
266 69
199 37
97 12
276 49
281 35
101 48
304 41
113 21
473 54
103 43
217 22
302 31
152 43
153 16
108 23
295 77
83 30
297 31
92 19
253 53
180 23
397 60
138 31
108 19
267 29
323 45
421 44
293 47
95 24
959 102
310 37
471 55
109 12
513 113
74 19
309 53
3499 500
148 69
78 31
167 40
278 41
1006 201
271 29
530 83
176 41
610 73
103 22
225 32
131 19
350 103
680 103
360 43
141 29
209 37
361 72
343 44
25 21
480 67
306 43
27 13
116 13
237 29
286 43
268 63
69 41
693 76
1107 125
246 179
177 32
76 45
245 54
23 12
37 13
73 40
322 45
71 33
463 63
34 27
99 74
327 146
445 56
185 28
772 115
28 3
377 68
223 34
812 125
268 49
157 63
706 77
285 37
301 46
245 36
477 61
273 29
28 25
226 23
469 53
225 112
146 43
365 43
1939 303
209 27
136 15
218 57
95 63
211 32
392 53
83 44
174 35
461 47
241 26
112 41
185 46
535 67
55 37
453 125
307 92
109 50
203 65
89 42
229 67
62 9
295 36
122 17
559 63
383 46
1020 121
231 29
109 67
129 13
45 7
278 37
319 42
221 50
599 100
338 43
223 78
211 47
117 17
337 38
77 20
80 11
274 31
184 29
119 18
304 45
99 14
385 58
121 46
11 8
83 40
1575 214
359 57
133 48
857 143
569 89
176 27
77 37
91 17
41 6
627 251
285 37
263 41
257 32
1175 127
119 41
167 28
57 13
242 63
635 69
320 67
217 24
219 56
79 16
535 96
494 69
553 85
70 37
71 15
1504 169
224 39
46 19
363 38
288 37
127 20
194 39
475 51
123 22
877 102
362 67
250 63
625 74
491 64
476 53
359 37
281 125
3339 334
334 35
7 6
31 28
200 127
578 125
173 26
255 43
262 45
143 47
252 251
218 77
267 67
91 24
67 44
599 63
259 30
115 68
121 45
56 25
102 11
314 41
83 43
59 35
155 18
174 43
179 42
311 51
256 73
155 53
133 22
67 13
153 49
45 26
146 19
307 51
167 125
163 39
127 85
353 45
167 34
691 78
113 44
344 37
427 57
436 59
230 39
197 59
23 12
44 17
200 21
173 22
186 97
691 92
171 34
199 37
141 38
915 104
153 49
109 46
63 25
395 48
198 43
352 37
232 65
382 43
128 51
357 38
695 92
163 28
234 35
464 47
284 31
155 16
174 31
271 40
192 29
55 48
243 25
451 56
254 37
275 42
1 1
279 46
277 44
484 129
1487 286
561 109
152 41
59 40
211 63
392 43
569 77
37 33
389 56
710 183
47 16
285 64
168 37
25 14
227 39
29 28
231 46
75 26
138 43
257 29
136 57
105 38
528 65
58 19
144 23
95 87
143 42
113 28
311 39
133 24
462 61
271 38
135 16
283 87
175 43
381 55
209 45
553 223
33 17
59 11
162 23
103 12
181 33
123 25
173 67
37 36
260 33
46 25
6414 833
591 62
153 65
1945 251
208 23
227 45
98 11
73 11
418 51
358 37
104 49
48 31
21 5
94 15
444 55
350 89
170 41
283 42
341 87
88 29
123 34
97 25
532 103
65 29
844 91
71 19
28 25
1387 204
243 26
427 59
285 43
196 41
513 55
406 125
264 35
178 31
98 37
92 25
116 23
342 43
73 28
132 47
256 31
47 13
155 29
2133 251
102 11
339 34
59 52
905 96
163 27
99 58
39 14
353 44
566 69
80 31
87 61
37 30
17 12
227 49
149 20
121 43
25 8
438 49
71 12
906 125
307 57
380 41
76 35
1409 201
614 63
218 39
314 63
240 29
152 41
262 69
263 44
151 40
132 47
129 17
577 60
129 13
613 78
35 9
102 65
435 44
50 37
116 67
252 29
2196 251
151 42
2249 250
147 43
148 23
349 53
1613 233
136 35
267 59
199 48
627 131
203 37
334 59
319 38
1208 125
496 95
181 39
42 41
161 60
835 127
140 73
233 36
797 92
73 14
115 44
59 40
402 47
196 37
109 23
46 43
125 19
271 74
63 23
538 63
376 251
513 53
71 67
59 8
141 49
72 35
769 78
263 39
53 14
1792 243
538 63
81 23
367 63
883 244
142 63
497 67
308 39
113 25
165 41
52 43
653 68
448 45
933 200
106 11
63 17
245 34
386 63
149 30
683 80
230 43
491 52
39 14
210 31
557 65
172 29
169 42
66 19
889 92
347 51
79 45
224 33
520 61
362 53
1053 181
361 39
49 26
333 46
574 85
617 87
90 29
57 23
25 8
514 55
166 73
77 38
242 51
131 55
193 30
79 8
520 53
14 9
315 44
47 8
187 53
252 101
918 145
32 7
138 43
651 73
55 41
17 10
345 41
117 35
111 17
335 334
221 31
552 331
119 38
200 57
132 29
162 41
131 52
143 18
929 98
234 25
708 101
209 61
173 22
1576 237
281 35
65 21
91 36
337 37
219 56
620 63
60 13
337 36
214 35
109 14
94 53
138 35
371 52
584 103
106 23
225 28
269 55
353 36
261 35
142 43
72 25
574 85
1119 112
285 31
275 31
323 74
346 45
93 20
860 159
197 45
316 41
175 23
89 18
156 17
187 36
93 29
1071 109
491 62
263 74
32 29
287 36
303 35
113 24
138 49
229 51
137 18
339 43
162 25
289 72
298 41
155 26
467 47
374 53
75 52
481 54
178 39
480 67
89 30
86 37
110 63
919 129
212 41
113 20
61 18
126 25
224 33
119 39
139 41
68 15
341 36
95 63
122 35
337 38
449 47
480 67
256 59
463 56
23 19
86 25
289 31
23 19
163 44
448 45
15 8
624 125
295 77
378 43
187 32
120 19
219 35
159 26
1117 115
266 51
62 33
316 47
1361 167
547 134
81 43
322 43
317 67
365 72
120 73
56 17
228 53
787 295
202 49
376 109
364 37
309 40
466 159
207 29
333 46
322 37
563 58
269 34
160 23
331 61
175 22
39 14
495 56
415 132
329 41
154 39
199 48
151 48
170 39
182 113
163 23
943 252
417 43
109 53
372 77
1400 487
215 64
260 31
59 8
493 69
176 41
181 36
150 29
38 15
414 59
107 43
340 49
379 44
247 27
60 11
99 64
1207 127
156 43
245 43
244 33
647 69
215 92
199 29
433 53
191 33
490 53
223 84
27 19
265 102
380 39
202 37
153 40
915 104
93 40
119 62
167 30
479 48
312 73
149 33
109 19
83 30
353 101
271 74
104 25
272 39
113 27
199 27
401 42
55 31
162 47
566 63
69 29
113 17
99 64
621 88
127 52
61 43
403 45
377 48
328 39
113 22
97 11
505 59
162 37
429 53
307 34
269 31
194 25
157 33
393 52
183 68
103 42
40 21
326 63
58 39
62 37
195 29
319 51
576 67
200 59
214 51
129 19
621 80
175 103
959 101
1588 171
127 26
80 13
121 18
436 45
217 22
389 53
236 63
4999 1000
246 179
137 51
103 19
74 27
59 19
187 65
341 38
651 73
297 35
271 40
395 103
193 73
397 47
1588 171
447 58
245 27
223 69
88 29
62 15
1208 137
696 71
103 45
175 74
153 62
611 69
231 46
72 19
115 26
624 125
48 19
229 40
429 76
1262 139
149 23
226 33
221 63
357 43
258 53
43 42
92 27
215 72
239 42
257 53
102 11
159 34
446 57
427 64
485 73
101 40
159 40
376 45
464 49
128 15
503 62
107 41
401 122
639 74
567 107
81 26
339 38
95 43
133 25
113 18
404 43
669 334
617 77
24 13
339 37
235 39
509 66
74 61
157 36
100 41
1242 185
204 77
238 33
379 38
142 45
2579 411
74 33
71 9
250 59
183 26
143 32
27 26
168 53
227 35
166 23
43 21
467 69
403 53
309 40
149 29
71 10
280 43
216 35
178 49
131 63
224 27
95 22
304 35
137 40
394 45
392 53
191 45
36 19
235 44
95 68
145 52
466 57
152 25
253 30
81 43
302 69
371 38
136 41
103 17
214 39
315 44
52 51
57 14
96 35
57 16
155 19
55 18
270 43
351 79
167 40
567 59
4 1
275 29
102 19
91 17
353 39
113 64
143 17
233 47
141 37
133 30
37 24
16 13
361 53
202 79
243 118
154 69
2229 298
238 25
23 10
1119 112
260 63
381 103
286 37
81 44
417 59
331 58
147 34
821 119
473 57
799 200
107 37
109 19
162 35
251 31
279 43
871 129
337 92
519 56
43 12
539 58
833 87
85 46
149 36
145 16
385 48
446 63
236 45
414 53
120 103
262 27
72 29
26 9
188 45
13 12
17 3
147 17
538 59
499 158
152 37
179 42
374 49
1499 250
25 12
115 29
165 26
313 38
199 30
389 42
328 35
83 26
966 131
78 25
285 29
317 32
22 15
295 44
284 29
566 57
145 33
222 29
31 12
269 44
641 66
202 37
333 38
43 36
283 30
487 49
500 51
40 9
24 11
180 41
353 61
409 50
367 204
141 22
71 14
205 32
229 24
302 77
38 29
51 8
459 61
209 28
209 31
279 44
103 12
157 30
163 20
124 17
151 36
175 22
181 41
119 24
457 60
346 57
57 55
127 45
387 56
183 22
89 25
751 501
636 91
46 21
62 27
83 16
97 41
491 92
2285 277
571 60
235 41
209 61
439 66
87 34
56 53
410 63
231 46
283 45
513 55
76 55
43 7
85 67
798 83
96 19
58 31
131 27
99 38
201 35
589 82
98 59
98 23
355 64
134 25
521 92
581 122
496 95
97 26
197 30
259 59
62 53
55 7
205 26
859 101
398 65
207 37
235 28
95 29
46 29
90 31
539 65
62 47
59 13
233 48
363 41
245 31
145 42
95 56
93 16
135 23
769 84
430 67
158 19
341 43
33 13
154 27
59 22
212 47
248 37
91 16
469 48
333 38
117 47
274 37
96 43
447 50
241 48
91 27
153 107
271 98
222 101
82 71
175 53
124 25
1238 127
17 5
342 43
225 49
184 27
279 67
139 15
185 29
405 61
251 84
102 31
505 76
385 46
457 69
275 41
73 36
354 101
97 54
174 19
245 32
241 30
59 15
166 45
148 51
549 95
120 37
17 15
179 28
895 112
169 55
107 64
217 23
772 115
325 41
319 34
280 51
179 20
114 37
190 21
255 37
19 16
1643 201
4510 501
289 39
209 49
221 60
63 10
303 44
325 63
43 25
999 200
58 23
415 62
463 77
292 43
271 30
340 39
410 63
135 23
162 49
272 31
192 35
635 103
383 44
292 43
106 23
223 78
377 49
17 6
53 14
263 28
279 47
321 38
377 88
114 13
264 31
205 31
183 46
311 33
335 52
1185 173
83 20
38 11
131 32
122 27
425 63
172 23
311 54
467 53
129 37
153 80
457 46
143 57
667 86
528 179
47 31
1168 167
135 29
225 112
403 47
167 22
355 69
132 19
854 125
283 104
337 44
383 39
273 32
162 41
423 52
231 31
97 53
1217 164
308 53
533 70
307 57
47 7
76 43
31 10
401 122
380 81
601 63
439 52
503 72
151 35
86 31
33 5
639 68
1335 167
108 13
485 58
110 19
699 127
291 34
517 59
321 37
216 31
261 46
481 66
82 13
99 50
89 68
136 63
502 63
431 46
35 24
423 50
313 36
121 14
239 33
55 39
517 68
237 31
80 39
61 11
167 68
91 62
111 28
311 51
121 26
87 17
556 115
427 181
182 29
361 72
206 23
233 44
203 32
199 71
102 59
115 52
399 40
211 38
151 21
149 26
402 47
197 20
92 49
170 59
775 102
135 28
311 53
167 65
99 40
337 60
13 9
379 61
203 44
1502 203
232 25
403 41
647 69
165 26
461 54
260 41
4141 502
250 53
270 71
141 22
1062 125
312 125
169 27
43 28
388 39
271 28
7 1
176 37
63 59
358 37
303 44
99 37
109 22
90 13
306 31
1075 132
235 68
361 44
629 77
129 55
269 67
408 53
29 24
278 29
125 23
133 25
613 129
89 25
23 19
26 11
117 56
876 163
52 33
191 48
146 15
319 35
1072 181
520 61
97 39
225 43
277 48
181 42
1083 203
566 75
82 21
568 73
638 91
146 47
31 8
5 3
192 71
614 63
598 63
281 55
166 17
757 100
1121 173
25 3
96 25
27 23
130 67
143 37
222 35
487 83
384 101
592 67
627 65
208 27
323 47
278 63
326 47
89 16
192 71
122 65
124 59
199 39
299 38
243 29
251 45
482 49
395 214
233 80
334 39
241 47
19 6
49 32
751 167
325 44
146 37
433 59
26 5
94 29
2385 251
280 53
217 60
127 32
98 45
142 33
55 36
123 31
215 53
219 28
229 25
411 74
48 13
98 19
373 41
247 36
107 42
319 36
244 33
299 42
389 42
204 37
406 177
135 19
151 44
295 42
87 35
111 22
67 22
118 17
219 35
26 15
246 47
116 63
751 501
808 131
279 43
265 32
374 63
34 23
589 84
61 44
1207 127
212 33
323 44
520 201
519 56
146 45
139 14
162 19
289 37
103 48
469 69
241 36
111 32
143 34
63 32
262 69
235 44
216 31
191 40
173 27
42 17
67 19
115 17
349 59
61 55
387 164
43 10
177 28
235 43
641 66
393 52
316 109
35 19
43 24
233 29
149 35
19 12
592 69
851 117
239 41
311 66
116 33
387 56
1621 221
132 49
1107 125
166 19
83 9
443 54
119 40
201 34
277 32
341 64
17 5
2499 500
53 26
189 31
131 71
149 25
169 30
263 34
314 39
231 34
113 49
393 41
164 35
247 50
71 12
41 39
1463 206
252 31
251 34
233 31
223 69
433 49
104 35
152 23
112 33
307 44
153 40
761 87
122 53
617 77
77 34
629 99
47 23
301 33
505 51
116 25
1583 250
447 52
590 73
47 5
659 75
458 75
443 66
369 79
160 63
287 143
230 33
65 24
146 21
283 34
428 43
293 251
163 44
319 42
9 5
32 17
150 49
440 61
217 66
323 45
283 43
446 53
278 43
86 21
121 20
109 68
144 43
60 11
149 15
220 43
25 21
355 69
28 9
229 32
197 45
197 30
68 31
231 29
65 44
250 29
188 45
115 29
142 15
3575 391
1129 129
230 77
687 103
129 14
225 112
569 253
329 74
299 48
769 78
342 37
611 75
178 43
248 25
44 37
122 13
57 32
629 77
73 33
116 37
108 19
331 54
179 62
515 53
60 47
55 19
345 37
165 32
613 62
652 67
85 9
502 501
145 42
207 37
318 37
140 23
173 74
613 66
130 41
89 27
167 77
508 67
361 43
281 41
111 101
339 67
526 59
944 103
392 53
383 55
33 14
1129 129
76 43
94 33
86 19
307 33
13 3
307 58
236 37
40 29
283 61
161 36
151 44
197 34
251 69
286 29
61 9
40 33
505 72
251 65
137 41
363 91
95 34
230 41
676 79
110 19
208 37
156 23
453 56
144 143
99 38
521 112
270 71
128 17
211 23
179 82
173 31
103 15
707 104
49 20
3238 771
188 45
190 27
167 77
247 25
2851 346
205 43
70 27
193 72
88 15
55 27
442 67
341 63
757 77
368 39
11 5
303 37
132 47
461 55
456 49
456 49
272 29
331 53
349 35
757 79
21 13
177 31
617 62
327 37
164 31
93 41
362 53
266 73
72 17
166 73
211 47
385 48
346 35
209 47
109 49
299 48
32 21
591 64
215 26
149 45
37 7
342 43
247 41
57 37
59 7
241 34
124 33
136 25
133 34
70 19
279 46
333 35
250 43
132 41
81 43
410 49
397 60
185 38
191 36
74 55
142 29
584 61
64 63
153 35
134 55
73 26
45 28
118 23
326 35
45 13
439 79
786 85
339 34
308 65
293 32
417 74
481 49
175 27
31 6
344 45
421 57
442 45
175 39
223 31
111 43
157 61
272 59
173 23
143 47
149 35
137 33
363 47
133 32
25 21
68 13
63 11
169 45
73 29
667 167
306 31
343 38
86 33
45 43
1124 129
613 92
767 88
203 40
245 39
34 5
2333 250
269 36
365 39
178 31
67 11
285 31
999 500
141 28
91 34
312 55
427 43
51 13
112 69
154 75
77 39
202 55
89 63
743 78
7 6
220 57
193 22
106 21
279 32
82 39
523 114
155 48
148 27
189 44
321 74
687 103
175 57
83 29
387 52
41 27
460 107
56 27
69 20
317 42
78 11
56 19
123 13
263 35
86 57
263 30
339 35
81 10
257 63
569 65
439 79
227 71
303 43
129 13
131 57
141 77
108 29
119 45
75 14
723 85
119 33
88 45
123 22
53 43
253 27
36 7
389 45
76 37
67 15
275 36
339 53
139 22
119 27
395 51
347 39
408 43
89 20
181 25
254 33
249 43
571 204
67 49
237 34
169 20
505 126
134 105
304 129
71 39
327 190
38 27
529 67
46 39
141 19
303 44
223 112
241 54
22 3
148 23
500 51
167 61
178 43
146 25
245 62
192 41
353 46
278 37
137 46
267 34
361 69
37 6
71 16
569 81
329 34
204 65
169 28
235 28
314 35
52 37
71 19
230 47
250 47
128 71
215 51
403 54
39 11
352 47
61 17
278 43
53 28
67 21
157 27
72 23
406 59
637 102
261 46
29 9
495 59
335 112
185 19
167 35
551 64
53 21
20 9
441 62
151 30
97 29
57 49
26 25
135 43
256 43
203 54
307 92
90 23
19 10
85 36
290 53
746 127
289 31
129 26
411 53
58 21
131 29
251 33
496 57
324 43
403 47
209 37
216 55
54 19
735 97
323 35
291 35
60 37
68 47
230 39
36 13
399 40
149 38
299 44
499 60
999 250
243 25
139 61
274 31
271 28
113 33
328 39
430 69
100 63
251 31
132 41
81 65
354 55
259 50
227 37
111 29
82 67
119 44
959 101
25 21
34 31
72 31
419 64
273 50
129 17
253 35
179 37
29 26
512 95
79 54
269 32
166 41
113 49
333 50
52 31
15 2
357 100
102 37
127 15
685 79
247 48
461 60
1170 167
587 71
161 31
727 202
235 28
191 33
157 116
481 103
508 69
379 43
4499 500
389 49
207 43
78 11
649 127
271 51
179 20
89 53
67 17
266 51
1883 251
139 35
185 26
276 35
268 39
193 40
403 55
134 15
481 103
578 67
163 38
158 75
598 63
72 11
285 56
98 53
74 53
62 35
65 18
109 41
1033 104
1207 201
53 45
125 33
57 11
500 167
517 57
497 68
136 37
205 38
127 25
13 12
217 60
289 106
1258 129
521 92
95 13
363 47
79 32
436 57
99 16
196 25
116 23
1099 431
530 83
111 50
231 29
708 125
645 104
135 47
115 29
107 53
41 12
647 69
96 47
169 19
253 37
261 38
351 46
215 36
211 53
381 68
113 28
152 27
156 47
355 36
31 17
405 43
218 55
280 43
94 41
394 63
211 95
134 27
113 24
27 20
182 37
17 6
61 25
193 30
642 109
89 11
958 125
921 127
121 34
388 39
244 51
308 31
1399 200
81 35
123 17
111 50
253 27
260 43
108 11
132 43
95 43
140 29
91 41
253 26
215 23
65 34
406 59
574 85
1758 251
291 64
464 47
2673 334
334 57
1067 128
651 73
41 5
223 26
1083 250
103 46
269 67
49 30
1052 115
494 67
331 53
208 21
327 56
101 18
323 63
4057 1047
170 59
1457 158
149 18
172 59
602 67
137 44
491 92
628 251
187 37
158 51
273 47
255 44
1643 204
47 5
79 19
298 85
52 25
341 45
1402 145
77 32
41 17
628 251
268 65
444 47
353 36
82 23
265 27
557 63
301 78
293 30
182 37
18 17
549 206
31 11
121 32
61 10
474 103
268 45
122 39
1999 200
87 59
278 29
101 27
249 28
296 61
49 34
437 66
59 16
604 125
79 57
130 31
755 79
23 22
377 68
678 71
1083 203
222 31
465 47
288 31
177 43
716 107
692 77
503 56
473 59
323 74
134 27
299 108
67 46
315 46
1820 523
174 19
409 59
225 44
229 48
199 44
139 21
419 51
172 71
61 14
98 17
80 29
404 57
292 43
199 38
209 43
1390 159
147 43
37 6
535 78
286 107
233 39
169 55
107 30
83 45
457 78
494 67
359 43
335 43
102 25
152 41
696 71
248 37
109 67
389 56
108 25
55 7
414 61
16 3
41 31
37 18
122 35
71 27
53 37
52 43
283 31
146 19
198 31
39 4
253 63
178 41
410 59
4009 501
111 23
131 63
99 13
275 53
56 45
87 38
392 53
411 50
62 51
213 28
307 69
651 73
113 39
443 54
315 46
704 103
233 61
1404 149
213 23
1208 145
232 25
131 17
290 37
71 67
268 41
216 35
187 46
657 101
105 59
91 24
255 37
102 37
224 41
268 59
92 49
302 33
1502 167
149 20
197 42
1900 239
597 64
107 18
142 25
163 44
382 51
487 203
482 125
59 17
61 39
119 36
415 46
169 67
327 40
368 37
527 157
69 40
1399 200
5999 1000
85 38
4040 649
211 49
91 46
483 64
469 102
153 71
194 67
430 187
170 41
361 59
877 215
217 45
107 24
107 48
324 43
299 41
765 262
817 90
141 80
136 23
151 35
433 45
201 37
152 101
179 82
124 33
482 49
414 61
77 25
721 174
377 251
99 46
163 22
402 43
150 19
59 27
278 31
97 53
241 43
209 56
299 38
110 23
272 93
158 33
1009 112
105 44
43 35
755 84
165 17
408 43
61 20
783 112
27 10
656 125
830 157
93 37
436 61
272 35
60 43
93 40
518 53
201 47
70 23
63 32
274 31
130 27
279 46
115 33
418 59
249 41
153 131
319 46
133 58
307 42
306 37
272 91
41 25
339 38
208 21
214 29
256 27
437 45
539 97
121 49
241 42
241 45
310 37
142 21
367 43
70 17
433 53
178 69
339 80
217 26
52 51
730 127
833 87
205 43
65 42
143 19
87 22
138 65
137 44
622 65
159 28
278 45
384 43
140 17
89 28
86 13
379 40
229 46
119 20
1345 136
107 51
107 15
249 34
151 43
472 51
346 59
155 23
214 75
47 21
210 59
436 45
74 25
13 7
71 13
224 25
288 65
185 96
193 69
234 25
1048 133
5 1
149 24
239 25
93 46
656 125
116 31
113 35
78 41
168 17
23 19
96 31
671 72
187 31
74 63
331 54
208 35
408 43
349 55
83 34
197 47
106 33
51 19
228 25
183 34
64 63
447 56
139 21
359 50
258 31
254 41
71 38
418 47
141 19
348 55
121 21
109 30
355 39
35 31
326 63
317 65
11 10
94 67
254 49
155 24
156 25
103 47
320 57
240 53
391 45
29 11
381 68
1883 251
293 47
459 59
241 29
591 62
589 59
704 87
91 37
334 51
83 13
460 51
226 23
226 67
3005 334
329 45
92 21
249 25
466 59
177 40
221 27
201 88
635 89
148 19
419 54
293 37
91 29
129 59
336 67
99 26
256 57
224 55
457 54
97 42
377 42
44 41
432 49
307 77
57 25
149 23
708 125
148 35
149 65
167 42
121 36
35 16
217 34
131 38
1625 239
52 47
316 33
49 46
173 24
157 62
231 46
65 43
246 37
63 43
555 64
343 96
359 43
223 75
58 37
379 48
241 68
116 27
193 73
75 34
351 44
383 48
173 50
185 19
208 27
17 16
257 54
35 11
81 34
89 48
75 23
232 59
233 41
193 145
350 53
427 62
75 38
460 53
169 29
191 34
188 27
42 41
95 72
57 49
430 67
1087 223
34 13
355 43
38 23
13 10
279 35
120 23
815 103
571 68
21 19
138 41
429 46
224 37
246 35
28 13
197 43
189 74
85 63
311 53
116 39
275 39
176 59
113 36
749 125
491 52
222 23
69 17
285 56
57 34
929 131
248 27
270 71
372 53
385 46
151 29
229 47
439 60
100 31
189 34
261 40
158 33
415 53
127 22
141 55
103 11
619 127
75 11
223 65
268 33
404 43
137 42
505 51
271 56
1328 253
305 36
81 52
316 51
377 67
155 33
382 57
233 35
181 19
247 34
513 52
58 37
335 39
146 31
427 65
858 101
177 34
209 23
1631 251
187 20
233 32
137 26
491 73
400 43
297 53
729 112
68 11
362 45
323 45
176 35
63 32
193 26
183 41
389 56
159 58
131 33
269 34
145 44
1129 129
234 25
85 23
55 16
11 4
124 53
499 55
472 49
263 28
562 69
755 121
167 33
107 17
103 53
423 52
66 13
146 27
117 35
20 19
817 82
261 38
76 17
859 101
671 84
269 30
252 29
161 50
79 39
144 103
71 29
73 43
81 53
449 53
7 3
281 54
293 41
47 34
185 21
65 14
222 127
189 26
349 40
44 37
43 20
403 44
52 25
818 101
218 41
275 29
379 62
140 39
373 40
181 42
141 44
231 32
135 23
188 27
52 31
246 37
508 67
19 6
199 40
205 33
272 39
233 69
227 53
425 82
47 21
153 62
226 37
277 45
199 42
58 17
20 7
256 47
93 65
128 25
89 15
67 23
118 39
59 19
167 38
39 35
193 27
107 51
127 27
197 47
314 43
349 42
229 41
295 67
136 47
596 63
401 42
65 24
263 43
315 34
346 57
1052 167
319 32
547 73
42 41
1130 251
51 16
89 68
205 22
149 15
296 55
468 67
199 46
87 20
25 22
47 7
66 31
243 118
229 31
517 60
241 59
337 46
309 35
275 36
191 69
307 46
339 73
212 25
538 61
233 36
243 26
118 19
772 115
2389 503
1999 250
175 37
4 1
442 67
218 39
161 34
28 27
543 67
489 55
171 32
341 35
181 43
1062 125
191 38
41 17
109 13
173 27
47 46
538 59
269 59
109 28
195 22
59 34
319 39
149 38
64 29
316 39
172 45
149 25
52 33
193 44
537 65
74 31
162 31
47 22
361 43
342 41
376 43
275 67
277 56
33 4
251 55
65 28
49 37
185 48
26 25
637 85
349 53
87 44
394 63
127 30
611 69
128 13
201 28
38 33
142 23
69 31
435 68
545 74
171 28
449 49
1001 334
233 43
291 32
327 34
109 16
155 37
252 65
603 127
555 64
132 17
319 40
29 25
979 204
145 78
89 57
118 15
183 26
597 61
70 19
166 73
57 28
167 37
139 33
94 19
473 67
494 63
519 55
167 68
375 67
27 22
193 41
97 47
968 103
359 57
112 55
141 55
90 29
457 100
510 167
127 42
758 83
113 12
194 21
345 73
111 56
173 36
335 38
65 31
369 43
266 27
194 21
717 91
213 31
566 333
355 41
337 36
81 19
225 23
89 39
116 13
164 23
203 34
211 30
300 31
105 53
8 3
41 17
371 39
85 57
89 66
174 35
265 32
229 38
191 34
199 60
73 50
169 29
93 41
540 77
78 77
409 43
289 39
1692 203
114 41
185 23
487 53
142 63
262 63
134 35
171 55
393 52
383 41
260 51
177 32
505 53
616 69
253 35
249 34
15 14
80 13
237 46
656 125
295 44
141 31
222 49
40 37
383 72
73 32
157 41
589 84
46 9
783 112
109 22
55 41
323 49
2638 315
364 55
249 31
453 56
116 35
56 27
29 26
62 11
284 155
303 41
11 2
20 3
135 14
366 53
256 49
47 5
352 63
97 24
157 43
84 25
569 65
52 47
243 28
642 109
59 39
213 34
389 46
65 59
21 16
158 19
238 31
139 44
32 13
667 79
169 17
263 115
61 7
313 68
471 65
45 7
208 53
555 64
288 47
188 21
707 74
18 17
187 25
186 35
259 60
74 39
207 37
79 13
317 41
127 85
195 44
1447 201
136 35
56 47
243 28
1810 201
480 67
157 25
129 23
279 32
1156 125
209 34
82 25
4 1
55 48
141 17
116 19
118 27
151 20
193 23
44 19
623 90
43 13
505 63
884 139
163 31
805 87
1187 164
127 22
265 44
171 53
87 32
341 40
213 43
353 54
921 109
97 22
190 39
337 39
313 82
929 98
237 25
402 43
178 29
99 14
181 53
109 33
67 51
93 11
201 37
121 20
105 59
13 8
493 69
444 47
83 60
16 7
63 52
65 38
70 11
38 15
95 68
127 44
77 37
189 44
198 31
729 91
314 41
126 25
584 75
185 39
105 17
197 34
118 37
64 23
53 33
999 125
587 87
187 24
154 19
149 24
155 17
111 35
315 46
182 29
120 23
453 61
335 37
96 25
233 41
659 70
610 73
420 61
148 23
34 15
327 53
26 21
134 41
421 51
50 41
73 13
228 29
347 37
89 9
310 43
203 25
377 42
162 19
242 45
342 37
177 43
277 33
211 25
389 46
187 46
79 57
509 123
132 35
365 38
369 71
283 29
302 45
472 63
345 38
279 43
339 53
82 29
127 33
1609 201
150 19
69 8
537 101
324 67
146 65
464 73
47 17
181 24
699 77
79 21
98 37
51 23
987 236
279 49
542 59
156 29
577 72
151 24
131 33
166 35
215 62
29 4
139 15
134 15
89 23
229 27
266 29
153 92
67 26
191 65
111 49
4498 833
259 32
75 26
113 23
339 67
107 26
350 103
258 29
473 54
799 333
647 69
542 57
98 19
622 63
92 19
465 53
97 22
253 43
238 27
41 21
95 29
1499 500
405 62
714 143
304 41
190 23
258 31
157 31
323 60
175 53
213 31
239 27
291 31
113 35
437 104
411 53
749 227
207 31
200 39
452 59
374 125
109 22
344 77
244 45
826 127
273 41
211 24
103 18
169 55
167 62
502 167
290 53
144 19
275 34
75 49
146 43
38 27
189 29
253 58
181 26
233 32
326 55
245 36
220 51
461 57
155 37
2626 287
159 19
203 22
41 35
877 215
377 66
375 44
64 7
61 12
262 35
73 33
98 11
235 64
205 26
106 15
323 202
631 73
193 79
43 20
283 63
16 13
291 43
47 11
180 31
989 227
151 53
974 101
111 19
344 35
367 65
271 40
32 5
255 38
200 33
706 77
89 23
123 16
719 72
292 43
188 19
101 60
30 19
99 10
69 34
179 21
151 28
120 37
199 24
65 34
107 30
148 69
749 250
58 23
443 51
81 53
116 17
491 58
878 251
593 63
153 28
114 59
78 25
168 17
297 38
137 26
187 38
99 47
143 69
85 37
262 27
345 64
369 79
95 23
209 39
181 31
60 11
79 24
293 44
60 13
335 84
556 103
158 25
360 43
147 43
41 5
232 77
97 20
205 54
398 43
226 35
417 58
278 53
119 59
164 31
1001 334
223 25
253 45
135 28
460 53
357 44
3000 419
1139 339
27 13
37 15
279 49
374 71
268 45
193 20
403 41
69 29
123 23
287 34
277 39
119 30
387 53
83 23
323 36
81 43
106 15
236 95
999 103
86 17
94 13
983 268
205 26
374 125
357 52
97 26
289 29
185 131
671 82
75 14
158 65
503 65
91 33
180 31
2626 2501
29 19
139 49
137 44
89 47
81 53
458 59
365 46
217 40
149 42
261 37
76 9
107 74
157 18
449 49
37 17
207 40
263 41
245 29
181 29
656 125
219 41
307 57
367 54
547 140
33 8
58 37
11 5
27 23
39 10
353 101
89 51
107 25
350 43
356 207
360 43
473 114
323 74
230 53
232 25
367 40
276 35
55 39
88 31
178 29
120 13
295 129
1752 373
25 17
296 67
97 22
278 37
149 40
127 34
112 13
418 51
86 59
413 45
83 34
218 43
196 45
487 53
298 35
323 47
31 8
434 55
318 127
839 84
13 6
80 33
311 66
218 57
69 44
191 29
180 31
86 15
277 62
207 28
209 56
286 53
231 40
344 51
55 41
154 17
1535 156
377 48
334 43
353 37
497 55
488 57
46 43
424 45
473 48
115 22
118 37
142 33
456 59
717 113
271 31
171 20
103 19
94 17
373 43
117 34
171 53
167 55
707 212
206 29
53 30
396 53
139 47
95 44
252 29
212 27
1177 129
40 27
433 48
396 41
73 33
203 34
463 62
145 18
328 35
1111 127
238 69
377 38
298 37
194 29
357 50
97 20
241 25
110 41
246 107
341 59
253 41
109 24
367 40
551 102
240 31
87 22
380 41
316 63
631 96
449 102
31 14
279 40
90 17
245 26
85 53
43 31
500 59
104 25
317 53
341 37
533 77
232 65
157 41
131 24
1625 239
115 52
42 11
410 43
417 59
183 26
290 57
360 79
267 62
200 33
137 20
397 46
349 37
233 25
503 62
97 20
61 26
176 29
541 80
301 37
303 43
45 29
490 173
59 23
237 38
151 35
87 14
563 60
91 23
56 39
146 17
17 13
343 37
369 43
484 49
56 13
445 68
387 53
264 53
74 21
327 35
161 17
1085 351
221 64
79 32
269 37
144 43
71 23
290 69
222 61
546 67
49 23
107 13
227 30
857 125
1199 200
123 92
706 77
157 71
47 28
193 36
468 59
171 53
368 51
317 49
49 47
139 49
277 57
2087 253
275 53
477 59
310 67
113 13
342 35
811 132
186 55
95 37
145 21
83 14
317 62
686 95
251 49
265 102
117 46
235 37
373 311
279 59
81 17
839 108
461 77
371 50
2 1
32 19
477 55
123 20
87 14
544 83
109 46
192 29
275 59
442 63
444 47
437 52
61 56
201 29
454 101
383 50
357 41
124 59
127 20
257 45
1535 202
344 61
107 35
241 42
185 19
247 96
419 51
94 39
73 59
161 60
18 7
417 43
117 29
989 193
228 43
312 55
112 13
494 63
71 38
86 55
61 31
4 3
611 69
240 41
1397 316
257 33
65 24
553 57
826 127
61 10
85 48
209 28
15 2
98 53
91 60
289 38
139 75
113 66
237 32
36 13
346 49
133 18
2340 253
263 36
281 45
168 37
3256 501
421 84
589 84
9781 1254
647 69
362 67
520 59
87 37
74 9
319 51
782 93
355 69
1758 251
175 26
4167 629
1832 349
209 39
301 78
84 41
32 5
206 29
216 25
75 11
172 53
265 102
173 31
939 131
165 26
72 25
303 34
365 127
68 47
349 35
249 58
59 18
107 35
130 103
50 39
463 77
3463 504
32 23
933 280
349 49
47 45
284 63
76 21
234 41
107 37
691 74
47 19
196 29
999 500
39 20
159 94
197 59
43 33
172 37
158 21
81 17
47 40
613 78
145 22
80 41
78 77
86 35
487 51
377 44
762 103
47 33
361 37
228 37
Time taken: 575 milliseconds
