1
20
5 36 37 20 26 6 9 15 13 1 0 24 5 0 2 34 28 29 37 1 
26 4 14 12 17 34 34 23 7 34 8 23 26 18 17 18 20 25 17 31 
37 32 24 1 34 35 15 19 3 17 23 31 12 31 13 1 1 23 38 19 
22 27 24 36 18 19 16 21 29 0 21 30 5 2 5 21 31 24 33 28 
2 24 22 18 21 6 36 15 30 11 32 14 20 13 11 14 1 25 2 24 
35 0 10 24 22 8 27 14 22 23 19 0 28 5 20 37 4 6 36 5 
29 32 2 38 32 22 33 27 30 29 34 25 10 6 0 21 8 27 25 21 
34 7 11 6 25 2 11 15 1 32 20 21 29 28 23 22 4 26 7 11 
0 9 2 21 30 28 9 7 18 2 1 8 25 18 13 22 35 12 19 24 
13 32 32 2 31 23 1 10 18 34 0 12 12 26 34 25 11 10 36 35 
9 9 33 31 29 29 10 18 29 38 23 0 35 2 5 7 13 13 38 36 
20 36 27 2 26 13 7 35 7 33 15 35 23 20 36 36 9 27 35 19 
17 31 7 22 36 37 9 9 4 26 30 38 29 3 34 27 21 6 36 17 
9 18 2 31 38 20 30 7 17 6 23 10 15 19 9 29 5 0 10 34 
19 24 35 28 9 7 33 25 8 5 15 18 17 0 22 29 37 15 34 4 
35 20 28 25 10 20 0 33 3 35 26 5 28 6 18 13 31 27 17 2 
16 12 28 33 34 33 12 38 11 13 36 27 21 12 11 8 16 15 11 23 
34 14 28 36 4 6 18 16 33 35 18 21 34 30 38 35 21 35 13 31 
27 12 21 18 10 38 32 32 15 13 34 0 28 6 17 35 31 36 34 15 
17 21 37 12 28 33 1 0 38 7 20 17 4 19 21 11 24 38 26 9 
