5398 86
6962 122
46 2
5361 84
481 16
8720 154
2817 44
9272 170
552 6
4787 86
167 4
9225 169
4204 69
5863 92
3756 54
3576 63
1241 23
771 23
2563 46
7704 131
5742 101
2622 38
4449 71
3339 61
2132 36
2521 43
5020 78
91 87
6489 108
2052 45
64 3
1058 31
7143 126
151 2
3384 67
5333 84
4031 77
607 8
4308 71
4127 62
2244 56
295 8
4931 77
2376 45
4145 76
6539 109
5728 90
5941 104
3531 56
564 16
5646 104
730 10
3496 60
7501 136
2130 33
1979 31
1261 30
4104 68
8513 151
2044 29
377 8
1223 33
7689 139
7969 135
6796 125
2074 40
7091 129
1236 19
2765 54
577 9
1179 21
4463 90
3241 69
2810 45
7673 128
2434 40
3912 60
2386 56
2063 44
1725 27
2316 42
911 15
4002 65
3021 48
5790 101
4445 69
3117 54
3765 70
638 15
1581 22
4160 67
1061 14
358 6
2000 30
3485 53
5279 86
5428 89
5479 86
3005 46
734 12
5545 85
1122 18
887 14
1086 16
4376 69
2131 34
1028 30
2682 40
4284 69
4318 69
1525 38
3784 63
2002 42
312 9
774 16
2152 34
1660 31
2125 32
5286 82
4488 80
7883 143
3616 56
4564 71
4716 73
3710 60
1069 16
661 11
210 4
5605 92
1570 36
374 14
1274 20
2388 52
5179 87
452 8
972 16
8904 164
5344 99
5703 92
3568 56
2480 55
7101 126
2759 47
362 3
2088 30
856 14
2153 38
801 11
761 17
7222 133
1636 23
2577 41
3889 69
5149 84
8231 145
2732 45
1800 47
1239 25
4732 72
657 10
7552 127
5016 80
6864 122
6127 115
1291 22
1995 33
4388 73
21 8
1032 16
3521 56
608 16
8426 149
629 14
1447 27
482 13
1845 31
2710 45
3296 50
3555 57
4669 73
5828 93
4732 74
2710 40
7763 130
2316 34
1173 22
1439 21
1878 46
1887 28
1246 17
1272 20
6419 110
3575 65
6387 117
2962 46
1533 34
8515 150
2559 38
3426 61
1559 28
1474 24
2435 40
8561 153
2093 52
6633 116
4980 97
4734 85
2757 50
3509 65
4699 81
8849 160
1365 37
1940 30
2674 44
1051 20
1080 17
3847 65
2332 35
2151 46
909 16
3339 56
3197 70
2745 42
1677 25
4097 62
331 6
394 7
420 4
3693 56
2850 42
137 4
5728 89
5349 81
1793 28
2102 38
6837 109
5962 105
514 10
5853 100
5365 103
7013 115
3311 56
5571 96
5815 94
809 19
4839 81
6014 113
7339 120
2396 40
7723 134
43 1
4045 63
2394 49
1795 25
3310 51
4032 64
2592 41
1520 29
4466 89
781 13
4554 74
3076 51
2422 40
2762 43
3925 60
6040 97
1306 20
5824 101
662 17
2770 45
722 12
4296 79
3695 78
647 11
4045 67
4668 74
7961 141
1416 24
181 1
3964 85
248 5
3605 59
2964 47
2487 41
2335 36
8333 146
5787 92
1422 25
5455 85
2436 38
1317 25
1955 32
3238 72
2182 36
3074 64
1776 28
1939 35
2947 46
5 2
4932 78
891 23
3667 56
1403 22
6838 112
3425 66
3089 53
5693 91
7892 144
1480 22
8970 166
1857 28
3439 54
1607 36
1512 25
8514 151
5234 83
1578 38
3610 56
8121 143
273 4
5919 95
4978 77
7187 118
2715 38
8309 145
4712 71
7122 126
5665 108
836 10
4244 69
3446 75
4453 69
517 10
4166 62
8403 151
40 1
5043 93
5398 87
1009 19
8157 141
5191 83
1204 21
4100 85
4616 69
7315 128
7740 132
8597 154
7898 139
5616 89
2244 39
5271 86
1574 39
8483 149
1791 41
259 6
6351 113
1238 24
2949 64
3440 54
1153 21
2497 41
5230 93
1115 16
1948 28
4254 78
7901 135
2969 46
5048 85
5986 94
2447 39
4481 87
7226 132
2247 41
3103 64
5240 83
2737 45
2069 46
2172 33
750 19
5928 94
1034 19
6181 114
6932 123
5954 111
7449 134
906 14
5432 101
5665 107
1823 27
2022 43
4792 74
2443 38
3936 75
4920 76
5656 94
3969 66
1742 27
3210 52
6340 109
1506 26
1389 23
397 11
2684 42
5229 96
516 9
1517 22
193 2
2839 44
1159 29
3000 49
1200 24
383 7
423 4
4396 86
2058 32
1535 24
4327 80
241 2
7743 132
525 9
308 5
3247 48
1109 20
813 12
3704 78
1873 32
180 2
6113 100
1481 23
1076 16
4741 94
1044 17
3370 68
1955 30
2809 44
4517 76
7487 129
2521 53
7796 134
3474 53
128 1
567 7
569 14
8117 143
1414 22
4308 82
6636 112
5592 108
5650 88
7180 120
8459 149
4975 89
4190 81
444 9
946 13
7547 137
1479 26
4494 74
660 16
2361 43
2081 36
8663 158
1545 36
1772 34
407 4
6468 107
1150 31
3350 54
206 3
7012 115
2182 35
2624 36
2960 53
703 12
2455 34
5961 93
3565 51
3376 54
380 10
6228 101
956 15
2981 42
6522 111
7189 127
3391 61
2463 47
354 13
1677 26
5258 82
3889 84
2862 48
1048 19
775 11
1212 20
2900 66
861 16
3756 80
1728 30
2511 39
2552 40
2100 34
4847 82
4611 73
3230 51
3937 74
103 3
1958 32
3800 65
3738 62
1668 32
7600 130
6705 121
693 11
471 15
3219 57
8004 135
2072 44
7423 121
1994 32
1970 33
3513 55
8451 151
5982 100
1803 30
4580 71
4333 68
919 15
129 4
829 10
899 11
698 19
4086 63
4158 77
2712 44
545 6
50 3
2378 44
2279 44
4967 94
1317 26
171 4
4591 70
3571 63
1953 42
661 9
51 2
6438 102
1039 16
57 1
3454 52
3320 56
6939 124
1612 38
4576 71
1622 26
5330 82
5407 88
4219 70
4119 62
1222 28
1722 27
1083 17
9018 166
1029 16
1885 29
3335 53
1202 30
6084 107
2277 48
4916 97
1393 25
1150 16
3905 70
95 1
2416 36
2308 37
913 22
8474 150
5210 94
2845 46
3936 62
4668 93
2056 40
1145 18
5185 83
6352 118
2850 45
1883 30
918 22
6641 121
5316 82
4435 76
7349 121
7429 124
5921 104
5000 90
5851 104
2378 35
1637 25
9128 168
4912 89
7679 137
4831 77
1002 29
1220 21
1562 30
8420 150
5561 97
3136 45
2916 41
3344 52
3351 51
1394 21
41 28
1865 35
7106 129
775 13
4490 71
5041 79
3552 54
1243 21
7718 132
7499 129
1185 29
2718 60
1045 18
1816 38
1159 20
5034 86
7214 118
2996 50
1316 33
7412 132
781 20
4123 69
5431 84
6534 105
7632 133
4023 65
3694 60
1534 36
3363 51
7052 119
4484 82
4101 68
6643 116
5303 86
5704 89
6802 109
2669 57
336 7
844 11
2625 38
7308 131
1451 22
2017 33
110 3
6398 117
9406 179
-1
2932 59
2111 33
6303 111
6851 122
7178 123
5548 97
2991 47
4671 92
6087 108
7457 135
1190 18
2329 50
3021 55
242 2
6052 102
427 12
201 5
835 22
4227 70
1070 17
1385 20
313 7
8066 140
2508 46
4128 82
6294 98
3535 54
1213 17
6856 115
2920 45
3508 54
5805 96
4727 74
1934 31
1054 18
1693 34
93 1
5001 81
1388 23
395 5
3247 64
2694 48
1422 23
201 4
857 13
409 8
923 29
3834 63
1011 18
6924 121
3487 52
1633 33
1222 22
1577 21
2777 44
3846 63
1633 26
1033 31
5489 85
2334 49
967 21
3915 60
6599 113
3705 58
3264 49
847 13
1610 23
2097 35
2903 46
932 24
1467 26
3131 51
2090 46
957 17
243 6
1103 15
3954 62
6383 110
800 12
3673 63
5863 97
3990 77
7002 124
802 10
1581 39
1793 38
2434 52
6889 119
1763 43
1336 33
1149 22
1845 31
2884 44
4481 74
4640 83
3559 64
3184 54
3943 66
2118 37
5264 86
619 7
3245 70
2889 66
7003 113
4040 65
1549 23
1590 31
8822 163
1205 19
8393 151
2727 56
380 5
4450 70
2294 48
2476 38
562 9
6656 110
4119 77
1961 39
367 7
1236 21
1121 21
1302 22
7234 131
5076 81
5278 87
4378 67
4934 96
2261 35
2713 43
337 5
1645 32
1921 43
239 7
2027 46
1862 34
2572 42
5355 85
4391 73
96 3
3533 52
5080 77
8451 151
6384 108
1199 19
8303 148
27 1
5947 95
3045 48
2890 45
6307 109
6620 105
5968 94
2074 32
776 9
2608 42
4201 69
5589 86
5224 80
665 14
4556 68
9694 178
544 12
2386 35
8639 154
4704 76
7459 136
7699 130
776 16
3673 60
8132 143
6357 105
2721 38
1728 42
4816 96
5982 96
6682 111
7107 116
289 9
837 13
4590 70
1946 43
4208 65
5774 95
3689 59
642 13
1103 22
640 10
834 12
5617 97
838 19
5679 92
1915 29
5962 96
5000 81
5917 103
1955 43
1241 17
643 9
4430 75
1036 19
3155 67
2362 35
6714 108
4119 83
3870 68
3595 73
2965 48
1614 40
7288 125
3051 66
520 4
2934 45
4758 75
3519 61
2504 33
3371 49
1610 25
2787 44
4157 62
9337 175
3406 52
5595 86
6400 106
2342 39
5387 90
5700 100
2364 33
1299 22
7754 133
158 3
5092 100
1567 29
4882 78
415 8
2551 41
1900 31
1826 28
1597 24
2642 39
7045 123
4242 71
1039 15
1576 24
2151 34
1402 23
1436 20
2975 48
3067 49
746 14
2891 43
3157 54
4353 66
3833 56
1209 18
3352 49
6136 109
7272 119
1266 18
9856 188
4168 68
48 3
4058 63
2023 46
4720 89
8645 156
3277 58
1445 22
6059 114
2317 34
1993 36
2561 60
1964 31
181 2
1325 18
2349 42
559 15
13 2
404 7
2650 37
5437 85
6956 113
2064 40
3152 65
2771 44
86 1
2377 56
5567 97
5515 86
3121 50
4355 72
3957 58
6146 98
2284 55
3515 76
3285 62
2277 42
4455 74
30 9
3043 46
4657 85
117 7
3420 54
2474 41
3851 59
6232 108
2293 34
7484 131
389 4
3476 54
2258 39
1179 19
1757 28
4009 73
8007 143
2544 39
1438 22
5129 101
5293 82
-1
6003 96
5191 91
1207 17
2644 43
4218 73
3575 54
93 1
7886 139
6342 99
8568 153
3673 62
4370 80
574 16
4434 87
3432 51
1738 29
5010 93
1627 32
6140 110
982 16
4893 96
7537 138
1006 14
131 2
2030 29
482 8
718 20
1841 36
5794 100
4151 67
4765 77
3705 81
7677 141
4114 68
3155 47
4830 79
4824 85
6424 110
969 16
4082 76
5446 94
5778 89
5915 112
645 10
1452 23
5285 80
5421 84
2986 48
3646 61
9084 169
1291 26
4931 76
3331 50
7777 133
227 5
6307 100
1268 21
5101 81
1226 23
3296 61
2720 45
1632 37
819 13
1790 31
1705 27
6360 104
1308 32
2148 35
2718 54
2602 48
33 1
3306 52
3951 68
6846 114
8628 154
6403 107
2720 42
1637 36
8758 158
6316 114
5870 93
4129 63
809 10
1572 35
1027 20
2179 32
4673 82
2931 42
6800 110
4272 64
6946 115
4984 78
812 13
2862 46
6460 114
2503 39
3710 58
1981 36
2646 43
2589 38
3086 51
322 3
6552 109
3130 70
1479 24
3386 59
7645 138
6996 119
6438 105
1081 15
616 9
6030 99
2815 45
1115 28
1738 38
67 1
239 5
5877 111
2170 53
740 16
2480 43
1379 33
2936 62
2238 39
1670 27
1218 17
970 24
4403 70
6401 116
3963 63
3605 58
5893 106
314 8
1468 27
4951 77
2163 34
187 1
4138 68
939 18
3397 58
4364 68
7226 125
174 4
5474 87
1558 29
7341 121
5146 86
71 3
5353 89
236 6
8508 153
8324 150
5352 102
1937 43
767 13
4772 85
3291 49
2568 41
2073 30
732 10
169 3
1846 30
7922 145
1900 29
995 16
509 15
3886 81
872 21
267 5
7310 123
2503 58
7583 130
2980 53
5342 89
1923 30
7154 125
1862 28
1466 22
6115 98
3090 69
200 6
3590 57
816 15
8185 140
652 11
5248 101
4363 73
2803 56
6551 103
4305 66
6144 101
8170 143
2742 44
6683 105
1038 17
1252 20
5847 97
3528 63
6704 123
2028 32
4413 72
4813 83
2435 35
2885 53
2791 43
1052 15
4513 84
1252 21
3479 55
5232 102
4942 79
748 10
4231 75
805 12
792 17
4758 81
1920 43
2728 40
4135 69
7246 132
1117 27
788 18
800 14
53 24
1443 25
1218 24
838 9
2774 49
5841 97
2661 55
7196 131
4922 83
3627 66
2298 50
6044 108
3164 59
1405 26
2755 43
407 6
2335 37
4930 77
309 6
1060 14
1545 27
1527 29
2642 59
3055 54
960 12
6461 107
1544 35
5076 78
4983 93
6474 119
5372 102
6473 104
1830 44
2899 45
663 16
3811 83
2399 35
766 13
5935 94
4475 74
645 12
3237 56
2711 37
4763 75
1865 32
2314 49
809 11
6179 114
3832 68
2470 35
3651 57
3624 58
4211 64
1571 28
8034 141
3549 77
7188 120
1984 30
7506 130
2164 41
6855 126
339 5
225 3
2822 45
328 2
2737 38
5158 81
2150 36
8359 151
855 13
8873 165
8109 143
433 9
881 9
1128 21
1563 28
753 20
3431 62
2964 42
525 10
4740 72
4247 64
5690 108
358 7
2358 43
2411 49
4511 70
963 24
1221 17
3147 54
5612 92
5931 102
555 14
1554 26
1805 46
2978 46
5791 91
4087 74
294 7
2722 45
1262 17
7262 119
1929 37
2347 40
4597 71
2158 40
6090 99
7024 123
5784 99
346 6
86 64
5052 80
2299 36
4790 81
5645 90
2375 35
9496 179
447 4
1595 23
2988 50
3609 67
1769 34
3525 72
1652 26
1327 24
2235 41
3066 48
4421 72
1769 26
2492 37
1754 28
4962 77
4011 62
6171 103
1554 22
2360 39
2253 36
2175 36
4023 63
2501 39
7031 124
680 17
1746 26
2707 43
4449 74
7655 141
4869 75
2916 56
1473 20
249 4
1510 36
2049 34
6985 114
3639 54
7493 124
838 13
7499 137
2876 45
450 8
621 9
3035 55
1475 34
3567 56
697 9
823 16
4215 84
2817 58
2254 38
3133 54
3824 60
7274 127
6851 126
4329 73
3945 72
5016 77
5961 97
6056 115
4066 76
2762 43
2567 44
7982 137
5110 91
5937 111
708 10
1800 40
4718 85
4919 89
3438 56
383 7
6407 118
1257 19
3788 62
676 20
6656 109
7713 130
5322 85
6307 105
5173 91
365 4
1321 24
719 12
6808 113
1378 23
5854 97
1674 28
5378 87
4954 78
3278 49
84 74
4749 84
2392 50
3256 69
7054 130
108 1
4052 66
1811 27
1108 18
3805 64
6984 127
3680 60
818 11
5950 104
1973 31
500 11
3151 50
6881 121
4717 79
1067 18
2646 54
2437 36
3631 65
369 9
3834 67
7723 130
2102 30
5826 93
4161 78
7664 128
693 20
7161 124
5342 83
3537 55
7757 141
3130 51
4141 83
5874 92
2219 34
6584 121
6312 117
4775 72
890 15
1781 28
111 3
832 13
7198 118
536 17
3235 54
3214 54
4962 79
5860 105
1162 20
3790 60
6166 114
2940 47
2131 52
759 11
1943 37
3328 63
1338 26
6290 104
3780 74
1773 34
1104 20
1372 21
4302 83
967 15
176 329
7480 131
3831 65
4563 93
1777 29
1853 42
2849 53
621 13
1844 40
1443 20
4078 64
450 9
5083 81
3676 60
4978 93
3760 57
7423 134
6404 111
8754 163
979 24
87 1
1209 28
5098 81
2752 45
6351 101
5072 101
1071 17
2544 39
2739 44
1002 16
3980 63
320 3
4848 77
8521 153
199 5
1419 33
6637 108
5325 80
6054 105
2257 35
7729 141
5917 94
486 9
3094 46
7452 124
5560 87
6278 102
5030 81
4999 79
140 1
334 10
4625 79
5711 109
6707 125
1962 33
1020 18
7097 130
3060 45
1654 31
3659 62
3141 54
5646 105
5035 90
7928 139
1602 28
3331 57
2902 47
3271 52
3991 60
327 7
4646 72
1575 25
271 6
5117 81
4702 75
5241 100
6223 101
414 6
623 13
4179 67
6539 109
929 14
1586 23
5325 84
431 9
1447 26
1181 19
995 31
125 3
1790 31
481 10
488 5
3018 56
1794 26
3674 80
6755 116
660 14
198 9
367 6
482 9
7657 139
3375 62
222 4
2043 40
4235 65
4604 72
4117 64
994 15
5609 88
4415 81
3155 50
2829 42
181 5
1960 27
55 34
5349 84
1774 28
2066 31
1248 25
1670 38
4059 70
2084 31
3392 52
3694 71
3107 46
4505 69
1578 24
4272 65
3895 61
1744 28
1398 22
2433 36
530 9
2597 52
3375 55
2553 59
5770 101
2228 33
4509 70
4206 63
4084 73
3083 69
1416 27
5627 96
645 15
4233 74
1482 23
6662 122
6456 106
7411 128
8610 154
8370 150
730 13
2429 38
2251 34
162 3
1458 28
8912 166
4339 86
1305 20
6893 112
8925 159
393 5
1072 17
9007 166
3290 49
809 17
5474 87
6422 101
4475 68
2995 48
553 8
7492 137
7708 134
4752 79
1626 27
2609 59
744 13
8479 153
1879 26
4121 68
2530 43
4367 70
6867 118
7967 137
2702 43
4646 88
8828 160
4891 84
7749 130
4298 70
5212 80
2795 42
390 6
6159 114
2857 48
2619 54
4943 75
4126 62
6202 100
5466 99
5296 83
8492 150
1097 16
5899 93
3090 50
4864 75
5039 93
3406 52
8168 150
2857 62
4825 74
4142 63
8745 162
7815 131
867 16
5269 85
610 6
443 9
8262 148
8471 152
3919 68
2824 44
1891 42
2928 59
5592 91
8 1
2929 46
3498 75
2385 50
643 11
4071 62
4273 74
3498 65
1459 24
8167 147
355 3
193 3
4764 80
1068 23
4347 72
932 15
6141 110
866 14
6197 108
5109 81
3909 60
2318 38
3024 49
5899 98
4218 65
1012 16
390 6
1384 27
-1
6556 118
705 10
4823 77
4184 83
4562 69
4556 71
4016 77
5165 92
1412 19
1845 31
5202 96
2761 45
2251 55
1224 17
2178 31
4706 79
4435 74
5381 85
4126 68
560 11
1878 49
6342 103
4648 75
1808 28
1055 18
3871 59
5513 88
7938 137
4419 70
4948 78
251 5
4273 71
767 16
5708 109
6526 109
1186 22
1605 27
6788 117
103 2
7487 124
6657 119
558 7
5248 84
4394 67
5417 105
4482 77
8773 159
2898 48
1291 21
1058 13
3421 62
1234 19
2612 39
5430 86
2329 47
6929 121
5965 100
1159 19
758 16
6566 119
904 15
6331 103
5501 95
2353 49
5745 94
51 2
3854 59
510 15
3146 57
955 14
598 9
2026 30
5735 96
3329 58
2898 41
1655 34
7367 121
4727 76
2604 58
1430 19
3832 59
701 11
169 3
1551 36
2860 44
3556 56
1703 38
2680 38
3553 76
3690 55
4879 86
219 2
1675 33
4236 65
2719 40
3429 54
227 3
542 10
4834 75
4151 62
8446 150
9686 178
9462 174
1056 25
1988 31
5601 91
5082 78
4395 89
1272 36
7211 131
2919 48
568 11
5858 94
8182 144
19 3
451 12
3768 65
2650 41
1450 35
1974 28
3200 48
8032 140
1228 27
5148 83
3236 69
3276 55
5684 93
3088 48
4748 75
1415 22
8194 145
2368 38
4509 81
2283 35
2744 57
4528 69
1897 29
280 7
3444 52
129 2
3430 51
7956 140
8501 150
1630 26
2530 41
6194 104
6165 114
3459 52
2830 42
493 6
1375 22
6362 105
4073 63
8615 153
6117 100
2246 41
4511 73
3700 60
5901 96
5766 96
5091 80
4645 74
675 8
475 6
5027 82
418 8
5391 84
1208 18
8322 150
5897 99
508 9
8852 163
3493 58
1012 16
814 20
2272 40
8207 146
7255 126
2527 60
3962 62
3540 77
3462 63
1176 16
1900 33
1856 29
1870 48
2841 45
3051 44
2071 31
2826 46
2293 32
290 5
6266 103
411 7
700 8
3140 48
2670 54
1707 26
3577 57
7394 125
7878 145
535 10
1913 49
169 3
894 14
756 21
2082 33
2599 40
2920 59
8204 145
1690 36
2295 49
1003 19
3631 56
943 15
5661 91
762 17
816 9
1223 22
4166 84
1554 26
1693 37
9286 174
2687 57
2017 32
518 12
345 4
706 12
2414 38
1117 28
1216 20
442 6
6419 101
4295 66
5086 101
214 6
1545 24
3114 60
4670 74
1362 22
3113 58
3616 55
4523 85
1814 31
4793 71
2096 30
5907 95
175 3
2318 34
6495 117
6069 100
223 7
1860 37
3260 56
4858 75
7796 135
2866 45
2421 58
2759 47
1438 22
1172 19
530 7
5507 90
2702 55
1510 22
1264 19
5706 90
4473 74
3244 54
5226 94
2309 37
638 17
5441 89
894 16
1041 31
860 16
5004 85
1838 34
1423 36
2121 52
1535 26
213 9
4965 78
503 11
4939 78
5208 84
1220 21
1270 37
4390 72
2194 33
1438 24
2552 41
3784 59
451 6
1213 20
3920 63
944 24
1403 27
3598 77
6073 114
1588 25
827 10
1422 34
4183 78
5810 109
2598 48
504 9
168 4
614 12
1927 31
4490 89
735 14
173 8
2330 38
6004 113
2517 40
7373 119
341 2
7088 122
8672 154
1235 17
146 3
7546 129
2593 41
2731 43
479 12
2161 31
8242 145
931 15
5513 99
4486 87
2047 30
4695 73
22 1
2877 66
5493 102
3453 73
1017 22
1950 48
1424 23
1414 23
139 2
75 53
4804 76
2678 49
1142 20
3246 51
4977 78
3351 53
3692 54
876 19
586 18
5216 81
4270 86
7350 124
2922 43
5650 97
5135 78
2433 38
2495 38
5788 91
3170 63
2123 32
6701 122
4178 63
6835 117
1366 25
2893 49
907 13
4239 70
1468 22
3313 73
4115 75
3129 52
3322 50
1160 27
1023 24
292 4
2073 44
9739 186
2482 47
2567 50
6048 107
2695 56
1680 32
2356 37
597 12
3073 49
1500 30
7392 128
6598 119
6637 121
3191 69
5916 111
2303 41
7653 130
439 11
318 6
2541 44
3453 62
198 4
899 16
1544 40
8164 149
1270 37
2671 58
2195 38
822 22
7601 130
4553 77
105 3
2407 35
221 6
2986 66
665 12
888 11
788 23
7160 125
9053 164
3546 76
6521 106
3274 49
1295 19
4519 89
5736 92
1591 28
1706 27
1534 22
441 13
5125 78
790 22
6681 113
5143 80
8711 155
2004 50
1525 25
1065 19
5437 87
1871 30
1997 28
4751 73
5005 91
2415 36
115 3
3434 56
3510 60
2639 54
1531 22
6946 112
775 19
3819 64
4424 72
9387 173
3177 59
349 5
381 6
1813 29
3514 59
125 2
3093 57
3876 61
445 5
4231 63
1833 45
5611 106
255 5
359 10
2677 41
2259 36
4521 73
8928 162
7673 133
5024 80
432 5
2957 54
6431 104
109 2
2795 63
3261 73
5142 81
4665 83
7661 132
6330 103
3022 48
4317 72
8111 139
2181 36
2925 52
624 11
4980 90
4306 74
1176 19
6079 97
4419 74
1311 21
5347 105
463 13
8757 159
1971 31
41 3
3990 60
2220 37
381 10
424 9
4328 88
1317 21
4320 66
2431 44
3993 63
4218 65
8061 147
5422 86
276 3
2938 42
5322 85
3565 66
1377 22
2837 47
1288 23
4714 85
3077 47
633 10
9230 169
2089 43
5026 79
6388 104
5412 87
821 13
1924 29
4119 65
5585 88
1335 35
1479 35
8382 149
5738 92
806 11
2237 35
1586 26
3600 69
5456 97
6447 120
1548 39
3181 45
1303 24
956 18
3477 52
2713 41
1403 22
1216 30
490 6
6968 121
225 2
725 14
3560 58
3648 58
3435 76
75 1
1614 24
2650 42
2364 40
5011 91
6113 99
2239 36
589 10
3820 60
2659 55
404 5
1704 32
3345 49
1350 21
528 10
284 4
203 4
2834 51
944 13
4083 75
5770 100
2945 45
4099 63
6206 103
6609 116
7872 135
4033 74
1245 35
5113 87
6024 99
7148 131
2505 42
83 3
294 3
2535 38
3844 81
3923 85
2976 45
7311 133
1943 32
8475 152
2504 34
5525 87
54 31
5597 90
4256 84
3821 59
2373 38
3726 58
6823 118
1872 40
2617 42
7696 139
316 4
4616 75
2877 52
7121 123
5135 87
5572 89
5911 103
2683 41
318 8
1879 27
3521 75
465 15
8957 165
8513 152
2380 43
3744 62
4354 80
3978 63
5513 85
3082 44
8511 153
6115 107
101 1
8579 154
4371 66
7153 125
2265 36
6705 116
5584 86
6947 114
1637 27
2395 49
2743 43
1950 32
2345 37
2950 45
3206 53
4417 72
4100 82
2890 62
1844 40
3318 57
8587 155
8122 141
2071 46
4297 65
486 6
1791 39
1041 16
2964 46
4863 83
400 9
2370 37
2685 60
6623 109
610 12
451 9
2253 43
6077 105
2050 50
3890 62
3539 59
287 5
5367 97
4745 76
3240 48
180 4
3339 52
5668 97
5446 89
2908 50
604 10
9163 166
710 19
4279 83
7214 128
4457 65
5642 90
6531 102
1010 12
1240 19
3882 59
1338 23
1600 23
2604 39
2088 35
3105 47
6355 116
659 13
263 2
1294 27
795 11
2969 63
1357 27
5900 102
1712 33
2004 31
342 7
1675 23
2410 34
3358 59
2024 41
7075 117
3669 79
1399 27
9816 186
7960 134
1968 30
2411 56
8144 147
6082 100
2650 43
5738 105
3312 73
4419 68
709 18
6187 108
6889 115
3338 55
5771 95
4854 77
4256 69
6026 106
5350 84
562 7
3122 47
2656 45
4364 65
2323 38
842 10
1239 18
4903 84
5404 100
5347 83
1483 40
86 83
1331 21
1425 26
5251 95
3637 55
3962 69
348 3
155 1
5579 91
6362 105
1004 18
4827 87
2460 56
809 24
3846 60
2036 34
4369 65
1000 16
7507 129
7033 123
2649 42
4371 65
3029 46
1829 29
2338 44
632 10
7247 130
2697 47
3027 48
7912 144
2773 43
354 12
1751 28
8894 163
5375 89
2580 41
5536 91
1101 19
15 3
3869 74
825 14
3776 57
2438 51
5106 91
9410 180
1915 33
3115 64
5347 83
2222 35
419 7
5660 100
665 12
1255 25
304 3
1169 16
1853 37
2647 49
3908 63
432 5
5964 95
4026 63
3539 64
2746 45
1985 38
1394 23
1944 36
6638 115
1476 20
427 12
1237 18
2566 40
1544 29
3156 51
1642 30
6708 106
5375 93
288 11
7245 131
2453 37
499 10
82 1
6302 118
1576 26
1761 27
2175 41
1920 31
5358 102
4585 72
2029 32
2175 37
994 30
4840 85
6519 102
2133 49
3324 57
754 13
255 5
3929 68
1007 19
1377 18
1285 20
3555 58
3828 58
2825 58
995 20
650 16
1519 21
821 12
7330 123
5584 102
7935 145
390 4
2718 45
4346 74
4359 72
667 16
2000 48
411 9
1404 22
1234 20
1692 26
3759 58
5079 86
7561 126
390 12
4610 79
601 16
5509 86
2843 47
8029 146
4205 78
931 19
3284 61
7626 133
294 11
1265 16
1112 20
2086 36
2614 43
2569 60
5506 88
8900 162
811 21
163 7
4605 70
704 14
1433 23
1838 27
5029 98
193 6
1791 27
2121 32
2965 67
2424 45
1997 36
4184 68
6946 126
1845 32
5527 101
4353 67
790 16
1789 29
6985 128
3063 52
3362 53
1296 24
2108 39
2708 40
1331 33
1892 33
4773 79
3249 71
6499 118
6138 98
2829 46
4483 71
6118 100
376 8
2727 42
6858 127
3572 64
4645 72
1474 24
685 7
3456 74
3958 81
27 8
6736 107
5976 97
1484 21
1172 26
2435 36
1055 14
1063 15
5616 90
2748 47
2613 61
17 1
1080 16
718 11
236 4
713 9
2271 33
2606 39
3320 63
4254 82
1235 21
988 20
3815 63
3884 81
433 8
3056 53
5473 90
6502 110
1988 35
1169 19
4656 73
1159 22
3787 59
5254 91
7262 118
5010 77
8 4
766 18
741 12
4036 61
7080 123
4113 82
2498 52
413 12
1461 28
4917 77
976 16
5218 88
2159 31
4938 96
3673 56
8344 147
7661 131
5037 77
1669 30
1728 27
3023 47
2977 47
7625 130
325 6
4220 67
2129 33
6494 114
6374 106
3756 58
8102 146
6495 108
4253 65
905 11
6220 111
160 3
2697 39
9562 179
8045 139
2830 47
4551 87
2440 45
1702 26
3766 54
1834 42
1010 15
447 8
463 9
2615 41
3901 75
1066 17
4076 61
1464 38
543 9
383 7
1136 20
4427 67
3440 74
1645 27
8328 151
1130 19
773 15
964 16
2133 32
6047 106
3889 64
624 17
1183 28
87 79
3796 80
1290 34
2307 43
7271 128
1095 26
1417 26
4898 74
3020 49
5842 103
2132 35
2218 33
2859 45
1524 27
7629 132
4731 81
487 12
775 13
1825 28
1934 32
601 9
4706 73
7594 131
779 19
1166 28
5565 97
4174 69
151 7
6508 119
1211 18
5942 102
8010 139
1380 26
6759 108
136 1
247 4
5225 101
604 7
687 7
902 15
702 8
2153 53
1157 20
3919 59
288 3
2881 59
3028 46
1234 24
2916 45
1613 37
4417 86
2499 37
5278 86
5761 104
3067 67
4660 79
4565 72
8343 147
319 5
1461 39
4212 81
2473 33
1123 19
3089 45
4495 75
4414 68
1007 28
1240 18
1420 31
6434 107
3832 57
705 16
3663 73
867 12
3137 45
7963 137
1232 24
241 2
6705 122
8707 155
758 12
4742 85
2058 39
271 5
6260 97
3687 65
3749 59
584 9
6933 113
3769 58
1765 27
7398 129
2024 35
2202 55
4931 96
1978 33
3741 57
2150 33
1699 29
3263 73
317 5
1400 27
2290 35
5460 90
6222 101
1608 23
3945 61
6241 110
3945 61
4167 66
1666 24
517 16
3240 52
1118 16
1888 31
3740 58
1905 36
155 265
8484 151
3796 56
4830 87
5225 81
2025 34
889 16
5063 92
2820 45
2325 36
941 18
262 4
1891 34
2304 36
4147 82
1377 24
577 7
8190 144
1587 25
4514 75
1928 38
4600 71
4123 67
1398 25
1148 18
2300 39
3702 55
8353 148
9459 181
1997 43
8115 144
1905 36
2501 35
1198 31
2842 43
7378 132
6755 113
2896 54
621 11
6620 115
166 3
842 14
7 1
2974 67
3949 72
598 13
8175 143
1548 24
2756 51
4809 76
2977 63
2254 34
3669 57
4169 68
3259 61
4749 84
520 9
7465 125
1079 20
664 16
904 19
994 19
6750 119
6373 105
1855 31
1496 26
483 8
1441 23
5336 103
77 1
6692 115
6867 125
4038 67
3488 51
5022 79
6483 108
6267 114
6287 102
2791 44
1359 25
3956 65
6786 119
3955 67
855 12
3465 51
2607 39
2548 40
1987 31
1686 25
3818 70
2047 30
1329 31
2907 59
8711 158
4917 89
2503 39
1154 20
4694 72
5752 93
2054 29
310 5
1983 35
1260 28
6638 109
6897 113
7834 137
8343 150
4147 64
1223 17
361 8
4984 96
5030 97
959 12
7062 118
717 18
4986 78
768 12
2059 33
239 3
5413 83
2378 39
1666 24
3872 59
332 8
6242 108
3688 79
1266 17
3920 65
1753 39
5433 86
2627 47
1296 28
4416 74
5906 101
2642 42
3210 64
345 7
1581 24
3066 45
3508 63
3971 65
9172 170
3038 52
775 23
1905 45
3678 78
1466 32
804 19
2818 39
6231 116
789 12
2876 42
1088 18
831 19
6070 97
1013 16
680 10
4730 92
6336 100
2691 38
2978 48
155 3
3650 69
250 2
1376 18
1889 28
616 9
1788 27
489 9
5396 103
893 14
5684 88
837 12
6934 113
8142 139
1326 23
2343 36
5906 102
533 7
1094 25
3823 62
3125 55
7926 145
8437 150
5979 97
5759 90
6118 101
140 3
1608 26
4679 91
2229 33
2460 44
2360 43
3562 54
1887 29
2739 38
2617 38
3255 69
358 12
1135 18
3250 51
1738 28
13 2
2753 45
895 16
2904 53
76 60
2546 59
7445 125
1665 21
2327 50
893 14
5138 93
827 13
6869 110
5218 80
482 9
4565 90
519 12
4649 74
6417 116
1945 28
1587 40
818 13
2568 44
3146 46
7248 128
2517 40
7764 133
2968 67
1832 41
1044 15
2214 38
4676 79
3048 54
5201 101
3019 47
335 3
1961 42
3757 59
605 12
7846 144
3810 59
1638 28
4728 82
5617 90
2278 44
1351 33
4952 89
6593 110
1323 20
1386 19
2110 32
4452 67
5267 83
496 10
1834 34
5355 92
6435 109
6407 111
1242 19
1251 23
3634 57
7126 118
439 9
3701 58
220 6
2916 48
3849 81
1088 21
6865 118
2448 39
125 3
6563 106
7905 141
6616 111
3528 64
2121 33
5402 105
1520 24
4476 77
5477 98
5833 104
3411 59
140 210
1476 37
6155 103
923 12
4111 69
4049 74
2394 38
3603 78
869 18
1994 30
3340 51
39 13
2719 45
7146 116
4231 72
3854 65
2252 35
5405 88
8925 163
2272 35
4284 72
108 1
2690 40
7433 135
2606 37
7907 137
615 9
7805 143
3360 64
6681 116
871 12
4916 96
3485 54
8365 148
6227 111
6283 111
3328 54
2117 35
3033 48
20 3
57 27
1346 33
7199 125
2363 39
2421 37
164 6
886 20
1799 32
2613 39
3420 57
399 6
1730 25
217 4
4602 86
600 4
480 12
7587 127
8457 148
4341 69
2834 44
1024 27
5019 79
1387 38
3235 54
7233 123
5040 87
1030 25
43 3
2252 32
578 13
2470 58
2520 38
1783 25
3682 57
6159 101
5760 90
6193 108
4955 79
4944 78
510 8
1868 33
5157 101
129 2
481 10
5366 103
2919 46
7568 136
459 14
2676 42
7269 121
5126 81
1205 21
7287 119
2228 56
471 9
5662 93
1161 19
4633 80
3246 56
3331 63
7129 131
3795 55
1089 19
7554 129
2718 45
1868 34
5295 82
6111 101
4968 79
2408 48
7292 122
6912 119
1039 18
5649 88
5982 104
5268 81
4478 70
4446 68
3298 55
6554 117
147 3
9415 174
3896 62
1304 35
3428 60
4658 74
53 1
73 1
5419 87
1962 27
6551 115
2429 49
1131 26
516 13
3099 67
2975 48
2901 45
5907 96
187 3
410 10
6356 105
2432 40
4402 73
6380 105
5515 99
1151 18
776 20
1415 21
3115 64
2467 42
1293 20
1723 29
7153 124
1932 33
3124 49
1205 20
2605 59
567 12
652 11
4396 72
552 8
1452 28
1537 24
2304 55
2 1
7606 137
1817 48
5012 86
8606 153
2213 38
8087 139
3365 59
1660 27
2424 56
4793 85
402 6
2476 35
6260 117
1647 24
1081 18
7923 136
375 8
2509 42
3236 53
1023 21
3676 63
8038 145
3472 54
5203 80
1057 13
1398 25
3940 63
1639 28
1228 22
460 10
3464 51
3811 74
3357 57
7484 126
3301 50
1101 15
1033 12
8540 155
5720 91
5001 85
4398 71
4297 66
4471 90
1961 34
772 13
1836 32
4309 70
2472 37
4857 75
7163 116
851 20
302 5
2393 38
505 8
438 9
2969 51
2944 45
5658 89
5794 102
3970 76
4008 62
2788 40
397 4
4958 80
44 2
5399 99
2646 41
2571 42
1117 18
3862 65
4452 77
2399 57
5760 92
5959 96
3287 52
1459 25
584 16
586 10
963 13
7730 140
1514 39
5112 88
1031 24
90 115
4521 75
4309 71
7287 130
2479 40
4425 80
1891 49
6023 113
3048 48
2957 47
3951 60
3889 63
5368 93
790 20
3392 55
9028 165
1650 41
6461 107
6189 105
7898 137
63 1
2624 49
6462 118
327 9
398 13
154 4
5653 87
4749 75
124 2
5145 80
5945 93
2213 33
1566 41
5275 83
1945 42
4515 69
4827 94
252 4
1933 34
7561 129
3392 49
583 6
1609 30
617 13
1256 23
3023 49
1248 20
1807 32
3382 51
8906 163
64 4
3487 55
2294 33
858 22
634 18
4582 72
2087 39
2297 36
3511 59
6301 105
8871 161
2799 43
7904 135
946 16
5945 102
5562 91
970 24
1100 22
4711 76
1002 17
2514 59
4475 69
4675 74
5155 88
5628 92
3776 58
6973 119
1304 25
506 9
7105 117
131 2
1931 31
2797 46
1692 30
4083 71
1645 26
2662 41
5506 105
5590 94
2310 36
1781 36
177 2
3025 47
5211 81
7890 140
2028 44
512 11
6815 125
12 1
4551 84
1591 32
3931 77
1768 26
303 5
3933 61
6167 102
4425 72
5153 84
7645 128
2613 41
7824 133
1825 31
4216 69
7276 133
2451 37
4144 78
881 16
99 2
1287 16
606 14
111 156
2166 41
3339 55
4469 75
5850 101
43 2
785 14
5918 93
3055 54
2116 32
7285 125
6036 96
1417 21
5930 94
3491 53
4958 96
3116 53
4835 94
2213 32
6178 96
5583 92
2438 49
375 8
68 2
1877 28
2753 42
2338 36
5403 84
1265 20
424 6
753 8
305 4
7657 140
2382 42
4080 71
2126 32
865 15
3963 62
1603 25
100 2
4410 73
2635 40
5338 103
3850 57
2296 49
2796 61
4819 79
1195 31
6493 103
5120 81
4541 71
947 16
6199 108
9218 170
5171 90
2482 35
3094 48
189 4
1724 38
2355 43
3742 65
1173 16
4208 70
522 6
1068 28
3037 50
3697 57
5628 89
3286 48
7221 122
26 1
990 17
304 3
4057 74
1563 21
3735 58
2624 40
103 3
2192 33
6275 104
633 12
951 28
7491 127
2737 42
1873 29
783 21
2327 35
239 4
3632 53
3297 52
1819 28
5047 78
5695 89
137 2
4988 79
1077 19
39 18
1610 28
8123 142
4356 73
4008 82
3790 58
2404 38
575 15
2262 33
2672 54
3071 62
1655 26
1924 31
3338 52
8568 154
5578 86
2549 35
5857 105
222 3
4080 71
4546 70
2468 33
3769 59
544 13
3097 49
2117 32
5093 99
7617 129
3257 51
857 11
650 6
5095 94
6095 115
319 6
3402 52
2077 35
1317 31
1666 30
1262 25
1740 28
3851 57
2906 45
4014 68
5946 99
424 6
4525 75
3733 68
6261 106
625 11
2172 43
5871 110
97 2
868 15
4380 67
1909 43
2515 42
1516 25
4585 73
1741 27
6262 98
2710 42
3625 56
4721 74
3949 70
2699 45
1123 28
1396 21
2523 40
1411 23
4815 77
9470 174
631 10
1756 34
2173 49
1946 36
3438 64
1885 34
1261 25
5023 97
1412 24
3381 60
804 18
1701 27
3735 71
3121 54
1236 17
5386 105
2806 42
7431 126
4321 75
1578 35
69 1
4768 79
2723 45
6689 114
4829 75
1899 29
782 13
8156 145
4305 64
5767 93
4532 76
15 1
6706 120
4507 84
4457 71
5439 103
5011 99
4444 73
4719 75
2528 40
4047 63
5074 78
2255 40
6879 112
469 8
5513 94
561 8
7800 132
8 1
3650 56
1294 36
4608 75
4141 71
6158 110
4587 71
1553 26
7468 124
6608 108
1905 27
6070 96
203 4
8631 158
1170 30
1503 22
4651 71
2273 35
2794 43
4191 64
4866 87
1049 19
127 2
798 12
5221 80
1175 32
4703 72
7314 129
8240 145
4276 65
3766 81
4636 76
5262 91
7764 132
4412 83
1412 28
5410 86
1488 37
6941 114
298 8
4152 63
589 11
349 6
250 3
8086 148
2617 35
2911 44
3356 49
8198 144
1157 18
854 15
203 8
6752 113
1221 18
3363 51
5107 80
4207 81
4568 71
3179 47
1040 13
624 10
129 4
1037 19
2589 43
6080 100
6674 115
213 4
892 22
5892 98
7124 125
2719 49
2893 47
443 5
6143 101
3127 69
1735 24
1194 17
1854 31
2151 52
2587 40
2060 45
6289 109
2012 31
8621 154
2340 39
879 18
6362 102
1687 28
81 3
218 2
795 12
7233 120
7413 134
2793 45
672 11
5063 100
5002 81
681 14
160 2
316 6
4061 82
2640 43
1652 25
883 18
4891 89
8791 159
317 4
1552 35
3027 56
184 3
3226 50
5243 98
68 2
3219 51
6086 114
3937 74
3038 48
392 9
343 7
5613 97
1889 35
5143 92
503 12
1547 28
1626 26
966 18
1250 20
1799 28
4060 64
4874 87
3503 67
1023 16
2841 59
3423 51
5869 93
2687 45
6941 120
4798 84
3695 60
5656 91
2842 42
6332 106
2010 36
2460 41
115 4
8335 147
1114 16
2954 45
473 2
1686 42
4483 71
2268 41
5238 81
6440 106
1652 26
4179 65
1563 22
4498 75
276 3
347 8
4644 73
2527 35
7535 126
4851 76
7902 134
2720 43
905 13
390 12
884 15
3582 56
4692 74
1295 22
3156 49
761 9
5130 101
4671 71
7779 133
8820 161
3119 64
2242 35
4542 69
7054 119
2936 61
4705 77
3663 62
7639 130
1247 31
1969 35
2924 45
3329 54
3321 52
8335 148
6001 104
4523 69
115 2
3533 56
1870 38
1957 34
6788 106
3498 59
451 5
5018 87
4484 90
1886 36
5323 95
2174 38
1842 44
6834 118
3629 55
2700 44
106 3
2745 57
1360 24
21 1
6932 128
1575 29
9098 166
82 58
652 13
6951 114
1500 35
182 2
2735 43
3071 66
1259 22
2787 44
4025 62
2726 44
1985 34
7570 127
923 24
2364 40
2878 41
1993 31
1390 23
5446 97
2408 57
3916 68
4868 76
9111 165
1025 20
746 13
4882 76
4448 67
2587 34
64 1
1447 33
2566 40
4911 78
5079 84
4201 79
2169 34
5048 82
161 3
2012 32
4464 71
6469 107
5123 83
4064 82
3420 50
3598 57
4787 73
5343 85
7235 131
726 20
2056 35
279 9
908 17
753 15
2158 37
120 137
5386 104
8524 152
5506 94
5191 87
6367 111
1613 29
4298 65
7379 134
5474 94
487 15
1575 32
2310 35
7016 127
8265 142
907 14
7670 128
1443 21
3317 52
3197 64
1214 20
4855 77
1787 45
6425 106
3031 49
4043 65
1995 50
4531 69
1091 18
7259 129
7638 133
5488 89
938 26
3240 49
510 12
5037 79
493 10
2839 43
1380 19
6016 95
1006 17
5722 110
2739 40
8808 160
385 5
2090 30
1427 22
2383 36
2796 44
5745 91
1978 30
555 11
3396 74
1977 31
224 4
3898 63
6921 114
2609 40
1350 21
3613 64
9149 168
4277 71
1743 30
4244 76
934 17
3738 73
214 2
4889 78
1052 17
1726 40
2032 32
2840 45
2061 44
4944 91
1613 29
6690 107
549 8
5107 82
1273 17
2498 50
948 26
676 12
5108 78
190 5
3278 49
8114 139
5304 87
1773 25
2063 30
6477 108
4309 75
5799 107
4206 84
6629 110
6493 105
5075 79
858 14
1818 28
1580 35
7721 131
7001 115
1897 31
1501 29
7266 127
6212 115
2831 44
1698 25
2375 37
1006 19
7552 128
7793 132
2658 40
7626 130
544 5
4709 74
787 14
1014 19
2603 41
4904 89
4806 87
4654 77
2305 37
1393 34
1857 30
307 5
2851 40
9746 185
6157 101
2846 53
6458 119
95 1
1716 27
4715 89
4278 72
5260 82
1619 36
4571 78
119 2
1040 28
648 12
7273 120
2072 33
1866 29
2945 42
5955 112
115 1
4346 83
7101 125
3779 77
2007 43
447 10
2639 40
177 4
1321 24
119 5
2871 48
4152 66
5609 92
792 10
3791 57
2883 43
1127 23
976 15
2735 43
18 4
4893 79
4917 94
2591 41
4178 77
4443 70
131 2
327 5
6788 110
661 18
5108 85
224 4
217 3
2878 49
8318 148
4308 69
73 1
1586 24
2994 46
1123 18
4314 72
674 10
4791 74
3621 56
8269 146
1203 17
8541 153
1830 33
7939 137
3029 47
1132 20
672 19
1053 17
3359 62
3672 61
3298 55
4387 88
3040 58
2832 51
1941 32
1730 31
5403 99
2243 44
4878 97
649 14
3621 64
7628 128
3372 58
2928 47
6398 109
540 16
611 11
3455 55
3323 49
2879 51
5111 88
4980 83
603 9
8121 147
8515 154
4576 78
1697 25
4729 79
8609 153
2856 46
3628 69
490 9
2131 53
2987 50
4268 73
4506 87
1143 16
184 5
2113 32
2526 41
3593 66
3134 53
7477 136
472 6
8702 160
3426 59
2435 44
2621 40
4565 69
1465 19
7183 118
8587 155
5120 101
689 19
3398 58
1996 32
5496 89
4342 72
1110 17
532 11
287 8
6371 102
5113 81
3065 48
5202 81
3466 56
2247 33
2315 35
3206 55
2531 43
4563 72
3275 51
620 12
2532 39
9466 179
3158 59
8391 153
152 2
5835 92
3753 61
421 9
3507 61
2209 33
3292 53
3658 57
1450 26
978 24
7905 145
4002 66
4385 68
1792 28
3857 72
1321 18
483 7
3302 49
598 6
82 81
1496 24
4875 92
1442 33
4996 91
1019 16
4203 65
154 3
1618 37
3960 75
2031 35
1226 21
1832 40
2904 45
5653 86
2344 35
6987 115
477 7
4336 66
389 7
5419 90
1629 32
1125 20
5437 102
3601 77
1020 22
5074 91
3892 62
2233 32
1074 21
537 10
1760 43
4314 85
1870 35
4906 96
5942 94
2528 53
3760 59
7926 145
562 10
1269 31
1039 17
2706 41
7867 137
2957 60
4028 66
7990 137
2999 48
7324 118
4737 81
3180 61
5645 98
7234 120
5017 98
187 2
2294 49
2747 55
4434 73
801 14
821 20
1619 26
5993 96
72 1
269 3
5321 89
2602 54
497 8
5211 94
243 6
8252 144
2567 46
4004 71
7318 130
5212 85
4835 96
224 3
3007 47
936 15
2743 63
117 1
2675 57
2550 39
5193 96
5100 79
3304 73
1302 21
410 8
2823 45
6173 99
3816 65
2773 43
5573 89
8486 152
4318 66
1173 16
3337 56
1377 22
1969 34
3050 56
1310 21
4665 79
6890 114
6733 112
2552 53
4601 73
113 2
3178 50
598 14
359 8
3265 48
2893 59
505 11
4205 66
4190 67
2942 49
1091 22
1163 19
824 9
768 21
3960 66
5173 81
7106 118
1164 16
3413 58
1674 26
1226 16
2023 43
5508 95
6765 118
307 5
5578 97
6823 112
5381 83
5923 104
3878 73
6288 115
2508 45
6028 113
4912 81
2725 42
134 176
3127 49
3612 56
7355 124
1978 33
446 9
2887 46
1746 48
376 11
515 10
8100 144
702 11
1018 13
2239 35
755 14
2762 45
8208 143
3715 66
1016 19
1107 15
1827 29
8494 154
7857 134
1976 30
4797 78
4834 74
1069 15
8174 139
2298 48
497 10
1123 21
254 6
5283 90
653 10
1085 19
6845 114
4245 70
5603 106
3158 67
7997 140
559 11
7912 140
2494 38
7057 122
6756 127
2172 46
819 13
6737 123
461 9
236 5
2361 36
8407 149
5757 95
6940 121
2740 40
6243 100
6723 115
628 6
4391 87
239 4
5170 87
80 2
5857 96
6313 108
639 12
641 10
1669 27
5765 101
3368 59
2091 30
4046 63
848 14
6249 99
1669 24
3012 46
67 62
7167 117
1813 36
7631 130
6584 123
3570 55
9034 166
2650 38
240 5
909 18
3238 52
2633 41
5681 93
2245 41
4903 81
1065 17
897 17
5106 81
747 16
1474 23
9368 172
1468 24
8345 149
3013 50
3469 58
572 14
4063 65
625 8
5747 91
258 8
532 8
286 5
3412 57
8845 158
5677 91
83 1
97 102
1161 19
4702 92
5220 81
6951 121
2112 34
156 2
6082 99
8019 137
437 6
900 14
5487 88
44 1
6494 105
4147 82
2517 40
221 4
2240 48
7035 115
567 16
1472 22
6543 102
6689 112
2428 40
2066 32
4761 74
50 3
6935 124
1223 19
6746 111
5586 88
4270 84
362 7
738 13
2897 46
2437 58
1565 24
716 11
1961 28
1193 20
4286 69
4201 68
3221 53
3674 77
1620 33
4888 96
8210 143
897 20
2481 51
767 11
3278 71
424 10
1752 25
729 15
2154 36
2653 44
3155 56
3515 56
4474 69
4175 63
5297 81
835 13
2720 41
5295 91
9130 168
2922 54
8587 156
5575 92
1861 30
4992 99
826 20
100 85
2866 43
273 2
4693 80
2502 42
2559 46
6787 111
3865 67
2950 53
2041 50
5257 83
1143 13
402 8
380 6
6253 103
7431 124
6760 114
5954 104
1980 38
7551 130
3896 64
150 1
2501 39
368 5
3245 49
5813 90
3897 61
3428 61
4834 75
4341 72
2480 37
1086 20
1472 29
4233 77
492 9
2468 40
2450 38
2247 50
1045 17
102 3
460 9
2675 41
4627 70
1363 25
2634 58
8339 148
3220 49
115 4
3653 57
5819 97
3292 53
5845 94
4706 89
1593 22
6954 128
5281 93
2919 45
4111 63
6122 100
2487 58
9231 171
2258 56
384 5
2974 46
620 10
2790 43
3597 53
4807 77
18 7
4039 59
4171 65
2207 35
4062 70
1980 28
4397 82
3635 64
1150 20
1161 33
51 3
6856 119
5159 82
2930 54
5311 83
4054 62
586 8
170 4
173 3
5947 106
463 9
7277 132
1663 24
7993 135
2759 42
1393 24
5841 105
5575 89
3770 61
3008 60
4142 65
963 17
1810 28
3228 65
2855 44
181 3
1006 15
4581 79
1004 19
4951 77
7358 123
1981 31
6340 104
5406 91
3495 61
1962 31
814 13
4611 69
7249 133
457 8
5397 102
3985 76
1883 31
2244 41
134 3
1157 16
3652 79
4036 77
1419 23
6751 119
6146 97
5148 81
2971 46
6750 108
1427 23
5379 89
1365 21
185 4
319 10
314 4
3489 54
4800 75
6849 123
5736 99
1658 25
679 13
644 9
6701 115
5756 98
6815 127
2143 49
46 22
1731 42
3866 60
4880 77
6787 109
208 5
607 10
1965 29
4479 67
3772 66
2819 45
1148 20
936 15
5173 84
237 6
2271 36
1360 21
7927 140
1992 41
5994 105
7370 124
1075 16
387 7
1056 15
5329 90
1022 16
689 10
5292 96
4320 65
4251 67
407 7
4360 85
6507 111
8906 161
3085 56
1278 31
3919 75
5235 85
848 24
4730 93
195 3
57 1
3240 49
3693 57
2009 40
203 3
5742 109
5651 88
616 8
5214 101
1069 28
354 7
2140 34
2114 52
3361 50
1226 20
4856 75
2690 44
6312 103
7024 117
420 10
4962 88
3999 58
4682 80
3598 54
8372 150
8453 152
724 12
4141 65
7433 135
695 14
1259 19
1350 23
81 70
8021 142
3464 54
1584 27
3652 60
467 10
2111 32
1831 24
3008 48
1294 20
4987 80
448 13
2207 41
3735 57
2610 41
4062 64
958 25
44 2
418 7
909 16
3022 47
4377 69
683 19
2078 52
5507 90
5014 78
6570 103
2170 33
1934 29
4003 61
6785 118
8275 142
2064 30
181 8
4329 82
960 13
3445 60
4769 93
3028 46
212 4
4659 72
495 7
3797 67
561 11
4141 75
6086 98
5952 112
550 10
1335 21
1204 24
390 6
1418 27
4150 67
5330 81
628 11
5200 82
298 10
5632 101
7494 129
642 17
4376 68
3033 51
122 3
2212 33
52 49
1315 23
2206 48
1871 29
2891 60
3336 55
2450 38
656 14
102 1
1440 38
3638 78
-1
4143 65
5649 103
9004 165
3168 49
1915 31
6640 115
3669 57
6537 119
3249 55
1220 19
1585 23
3018 59
4003 73
8871 164
2893 45
500 13
3567 68
1304 25
4648 83
792 14
1843 30
1531 29
1412 27
14 3
1511 29
6832 118
2332 42
4853 84
1675 28
6525 114
3926 61
922 22
2576 45
621 14
1027 18
2874 44
8266 150
2066 31
4794 94
3384 68
6087 105
3876 60
2379 53
3835 71
1800 29
1099 18
1868 30
2573 41
2319 38
6474 104
453 10
348 5
3809 59
1165 20
1348 33
646 13
8853 160
2756 38
4575 70
7628 136
9205 172
2248 44
543 12
1695 37
9324 171
4218 67
7075 124
306 7
6324 104
3417 67
887 23
2130 43
2063 34
6047 98
3071 47
864 14
242 7
671 10
3206 71
5793 93
4219 80
1592 40
3285 67
1580 25
2481 33
3032 53
1728 25
8590 152
2945 45
1080 20
3174 57
383 4
4061 62
769 14
362 6
9523 176
6511 105
4226 68
426 6
4051 65
2933 53
5585 90
268 5
1453 23
8773 163
7888 134
7604 129
6404 106
6499 104
3605 54
4475 77
441 7
1418 22
4433 80
3444 54
3220 51
3458 59
8807 161
4856 84
3064 68
596 14
180 3
2898 45
176 4
1541 25
4851 87
3251 65
5877 104
5654 93
1555 30
4718 92
1734 29
1253 36
36 11
969 23
2717 45
5261 83
1627 31
8403 147
9874 188
6487 118
359 7
2563 46
4091 65
4248 70
75 1
3649 68
2822 51
408 11
4112 62
3991 73
3023 47
5175 99
693 12
7694 139
1853 32
6643 114
9130 167
4516 68
2216 40
3044 60
3971 66
736 9
5518 90
9114 168
5820 101
7951 137
3406 51
2772 42
35 11
2567 55
5093 83
5232 81
1718 25
4657 71
3552 66
949 12
4924 82
623 7
9459 174
2754 41
2437 48
685 9
63 2
1633 36
1813 33
5257 87
2622 44
1092 22
5619 90
1377 24
255 3
2173 32
1478 22
887 14
3853 58
924 18
3206 47
3520 52
6699 112
4000 68
2371 43
4371 68
7824 136
3337 55
4661 86
5398 105
207 3
5811 110
6495 106
1296 37
525 7
7669 130
1608 29
5421 94
2741 41
847 15
1760 23
4380 83
7587 136
5011 77
6090 113
2255 36
905 15
4999 78
1069 19
1158 18
3924 69
1851 27
2616 39
3883 59
9041 165
539 9
903 17
7462 132
7416 120
3350 73
320 5
1053 19
5385 87
624 14
2621 62
6701 121
658 16
327 1098
1177 20
162 3
2407 49
4119 75
5564 92
222 4
3893 83
4223 67
1211 24
4013 61
806 19
3669 78
283 7
1114 20
233 5
1404 38
3516 58
3020 54
1156 23
2376 35
5073 91
8182 146
8423 153
580 17
6106 96
3594 55
1800 24
862 18
4403 67
9090 165
3104 54
4219 68
5200 81
3463 50
5785 96
6348 112
4815 77
4173 63
2435 35
466 7
2496 41
751 12
5369 103
2655 44
1434 23
1959 28
2919 43
420 10
1965 34
8105 137
816 15
1286 22
539 6
3516 57
5133 90
8270 150
6875 112
3565 54
5416 87
4128 64
4068 68
414 11
1059 12
611 12
3442 57
4949 99
264 7
525 11
944 17
25 9
5567 91
4338 65
1561 29
973 18
3770 57
1660 28
1289 21
4458 88
5348 91
512 12
6893 116
3954 61
3660 79
4249 82
7285 118
1778 25
1596 37
6236 108
7781 132
3103 59
770 11
19 4
2624 43
1890 42
7110 132
2199 32
5217 80
3016 68
4726 84
1237 24
5279 89
1463 24
2358 37
2827 43
4679 70
7719 132
1022 31
6685 106
2178 39
3432 72
2987 46
4128 64
2217 32
212 2
1119 20
16 2
7664 141
6976 112
1006 15
203 5
1399 21
4482 69
500 14
5204 80
2407 40
4679 74
8085 141
6687 108
2275 41
634 12
5661 96
2537 40
7019 129
6666 117
23 9
209 3
2683 44
6865 127
2239 41
8259 149
3795 71
6023 96
2991 47
1216 20
2043 31
3620 56
6406 105
1696 26
9456 177
241 3
1366 22
5603 92
2775 45
313 5
2890 45
9896 189
83 1
1573 36
3894 76
373 7
5886 94
5751 92
4053 69
4686 72
1965 49
4819 86
5303 84
384 3
6635 113
2161 34
618 10
2551 59
2241 34
8884 161
5878 96
6276 98
4416 69
4332 69
922 27
1079 16
2928 45
1548 25
2619 43
6442 116
637 11
842 16
3336 59
6268 108
1077 25
5952 98
5314 93
1315 21
56 45
4897 79
8826 158
7134 124
1519 39
5315 85
1539 29
8019 139
2603 43
2544 45
4162 69
1171 25
4746 88
4335 67
220 3
1148 15
3675 70
85 5
4576 72
2820 40
2680 45
134 2
4786 83
3627 62
8978 163
3219 50
4755 75
2503 38
1025 16
485 6
3046 45
2736 44
4994 82
6677 108
5951 98
819 21
1771 30
1670 30
2594 41
3211 60
3445 60
668 13
1423 24
3522 65
594 17
168 2
964 18
8189 144
4987 80
1349 24
7765 131
2055 33
1367 33
203 435
2082 51
2037 30
4139 62
4734 80
7568 129
3784 70
337 5
8293 143
5669 92
4162 63
279 8
3941 71
791 12
1015 29
323 6
1759 35
2119 52
1699 28
131 194
5994 95
3824 62
4647 88
1657 27
473 14
6072 97
1084 18
7858 143
1627 23
5216 80
5624 103
1457 29
1887 38
4310 72
3907 60
1150 21
3038 50
5431 101
4516 66
2929 48
2397 33
4511 67
1706 25
2434 42
1109 28
6109 98
813 12
302 9
2358 40
3366 54
396 9
7728 130
1992 30
2570 48
2932 61
9237 170
6471 118
1714 28
619 6
4496 90
3246 52
3181 47
7153 123
4883 84
3682 57
1054 14
3981 61
1136 19
5452 90
538 5
984 16
854 16
5789 96
3144 46
2535 43
4252 65
7137 119
2 1
3046 49
7350 132
4088 67
3240 55
3256 54
254 6
3332 54
5135 96
2113 39
3374 56
2781 43
4587 78
3746 69
698 12
1382 20
620 11
584 10
1436 22
4419 87
4858 88
3182 52
2647 55
1737 40
2350 39
319 7
2747 45
1323 22
6839 112
6002 112
3477 76
5496 86
711 16
5261 88
459 9
8110 140
1219 20
3364 58
7261 120
151 2
1190 20
4519 83
7941 145
4657 74
3147 55
4098 62
4061 67
2424 40
289 5
394 7
784 17
570 11
5862 94
5181 101
894 13
1167 18
2277 37
3784 57
7197 120
7089 128
682 10
4384 82
550 8
2044 34
714 17
141 4
3659 64
3030 48
9599 177
1016 24
3949 81
4786 87
1712 29
1732 27
7188 125
529 9
5008 86
7105 128
4014 73
7263 128
7746 130
6169 107
36 1
3681 68
2091 36
3042 49
1311 24
890 15
748 13
1363 21
4016 63
3452 74
3922 65
1683 26
4501 84
1126 18
6486 106
5753 99
2649 47
309 7
3582 53
2988 46
1324 37
5431 87
6138 106
5816 94
7402 123
2852 45
4845 78
556 11
7125 117
724 10
5166 94
5145 84
2745 44
229 6
2139 34
4256 65
2992 59
6892 112
2231 50
168 3
471 10
1678 33
2402 43
1686 28
4600 75
2432 40
6818 112
2416 44
4506 76
6963 122
802 12
374 13
1207 17
6117 96
3489 53
5382 83
3261 70
358 6
2682 43
1810 44
5055 77
2982 52
5670 100
3110 63
5832 93
8066 148
3202 57
686 8
6002 104
2070 33
3935 64
768 21
8989 163
1699 27
4128 63
3892 61
1445 38
2190 32
1430 23
2637 39
1176 17
5037 90
768 18
940 13
1927 28
4221 85
2570 40
1560 30
1074 15
4992 79
6260 99
5809 92
1518 23
2139 47
5584 91
5282 83
2178 34
4692 88
793 13
4058 61
795 20
7073 125
3488 66
1800 27
1595 25
1418 25
1720 34
7241 128
2195 53
7421 136
2227 42
875 16
2782 44
7155 132
1885 45
8617 153
4417 69
715 13
2362 38
1438 26
2562 41
83 93
623 14
8851 161
7933 141
4653 71
7956 143
2459 57
5109 91
4941 78
1474 26
5583 86
6331 102
3345 51
3516 50
10 2
1976 28
1770 41
4031 61
4943 75
1308 17
3803 68
3815 71
7135 124
3711 57
655 17
6245 103
502 11
2991 45
321 4
2577 40
4204 70
6469 106
1780 28
4497 77
8387 148
4242 65
148 2
660 9
4204 64
2171 34
3470 59
7310 122
1201 34
2233 36
2359 55
1057 17
4674 70
3651 57
1504 25
363 7
1523 23
3567 62
6155 99
1032 28
7745 142
2520 53
1958 30
2862 45
6625 110
4816 94
100 97
5129 82
2534 39
7894 144
1559 22
5301 82
7880 145
2037 33
3478 64
6751 114
6860 111
660 14
5606 97
240 6
9125 167
1836 31
874 14
365 6
4926 87
505 7
1056 15
3302 61
6104 109
124 4
4645 72
3683 61
1015 17
539 11
1031 13
1164 28
2500 37
1881 29
4475 68
3007 56
995 22
2574 45
3398 52
1359 37
6497 107
776 22
4140 63
855 12
5608 107
6122 100
141 1
2148 46
7959 144
4056 66
3159 68
4258 82
4977 89
638 10
3369 49
1290 27
236 6
4793 86
2391 34
3720 68
2246 50
4652 71
2733 47
4031 67
4442 69
9135 166
3062 50
4362 83
5950 95
6227 103
4298 68
604 7
3072 45
1313 21
6108 96
778 15
431 10
6451 106
3836 59
5205 83
7336 120
1902 32
796 20
1716 28
323 8
3222 51
5256 87
2902 48
558 7
1896 31
5055 91
6421 104
528 16
2064 38
1469 40
128 202
1128 18
2441 44
2517 54
7561 131
3046 51
6168 106
2583 39
956 15
6620 107
1491 29
2302 49
4340 89
43 1
1025 20
392 10
1528 29
5430 88
1093 29
1231 22
2471 38
1927 34
376 9
4845 90
542 7
6425 110
2832 46
4339 71
3023 64
2432 36
41 14
4140 65
5264 85
3052 47
5432 85
564 12
1387 21
4056 65
3785 64
418 14
7688 139
5842 91
1675 23
336 6
1719 27
2892 45
977 17
2661 54
2152 40
5630 107
4085 69
5272 85
1031 26
1774 33
3294 51
6926 119
998 21
2428 38
1550 20
3114 50
6469 114
1005 28
4603 71
3235 71
2733 42
5062 77
2588 43
1882 45
2984 43
2647 62
5351 83
3590 63
4210 65
591 6
623 8
6599 108
7022 113
5875 100
5389 106
2228 56
3718 58
4452 78
7968 139
1830 33
6836 112
202 3
4333 69
5934 110
2234 50
2753 42
1425 24
750 12
564 10
1274 36
3715 63
6867 128
415 11
3915 81
2001 32
2088 32
61 1
1456 23
2285 35
4366 74
1604 23
7393 133
3119 68
6369 105
1790 34
4155 66
2839 63
1562 31
4241 68
5404 84
643 10
5391 89
5316 90
3619 77
545 11
337 5
1781 34
3869 58
8984 165
5408 86
4911 98
3456 59
1749 34
4399 68
1074 19
2095 52
3761 66
3979 61
1540 23
2864 45
2060 33
122 3
7570 136
1536 19
4989 79
3044 48
4116 65
958 15
59 2
1668 36
1143 21
580 9
1881 27
2902 48
4381 70
870 13
995 24
2959 47
3187 67
2027 35
3238 62
2604 61
7249 127
2612 34
1515 30
6078 102
3705 64
1641 22
8325 147
7187 118
6170 109
1005 24
5798 110
5060 79
2875 48
115 125
4859 76
5129 91
1094 30
5128 81
7555 130
64 1
143 7
1792 27
2401 53
2468 40
6028 98
1662 29
945 13
1887 43
8071 143
3469 51
3092 46
936 15
3055 59
4026 78
734 20
1214 31
2622 61
1881 29
7722 141
3582 57
408 6
5476 87
5335 85
1513 23
6056 101
3752 65
1436 22
76 61
1876 35
4881 77
207 5
6585 113
6246 115
6109 105
4021 65
8818 161
656 7
1531 32
3789 62
1396 21
6593 110
924 13
246 7
3041 62
2164 33
8831 163
4745 76
1451 25
6287 103
4833 95
3080 66
130 3
5585 103
959 15
4166 65
3716 58
2565 54
4896 77
1337 19
3509 61
5864 94
3742 58
2975 45
1877 28
2670 39
5091 94
969 15
4309 65
115 1
169 5
5993 105
5317 87
7609 139
3780 58
3404 54
2091 47
4220 63
4623 82
1525 25
2646 41
4421 87
1904 29
2076 44
2590 41
2305 42
36 12
1392 28
679 8
1985 41
1822 40
493 7
5947 98
6173 114
858 12
6978 115
6420 112
4420 68
133 3
1336 37
1767 27
1621 25
3958 77
4303 65
1752 23
6105 98
1864 34
4852 75
8134 143
1877 27
7314 134
1271 32
6879 127
1574 31
1332 16
6919 112
1841 30
650 11
540 8
4503 69
7823 137
523 11
5501 89
7687 131
1473 25
3117 65
2151 38
958 12
3465 59
529 9
453 5
2033 30
9583 182
4239 80
1839 28
3633 67
4786 75
3700 63
5305 89
3908 73
3952 72
7680 130
3346 67
533 10
714 11
5359 88
3829 60
2583 38
1904 30
323 6
694 11
3767 69
300 4
4947 77
438 11
3403 53
529 13
782 21
3379 74
75 58
2846 59
2508 40
559 13
6238 110
5844 93
2251 36
2388 54
529 9
2417 37
2148 33
2806 46
1728 38
1326 19
6462 108
4406 75
99 107
2531 41
7323 129
963 26
5350 97
6011 97
3166 53
1321 34
9413 173
5956 100
7333 124
9024 163
4786 82
3363 68
1107 24
2529 44
6794 114
886 17
4925 85
32 12
2707 42
1565 24
3986 65
7063 113
3756 60
3232 53
837 14
3654 54
6447 112
340 8
5021 97
2109 34
1157 20
5456 93
2111 46
7839 133
2902 42
3397 72
3926 62
4239 67
6950 117
1488 21
4305 67
2950 59
3455 54
5635 100
4236 80
307 5
593 8
849 13
2361 40
1179 18
1785 38
6784 113
1947 31
587 10
1655 38
1176 16
5794 91
5507 86
7593 130
132 3
1248 20
5692 91
6698 124
6448 105
3265 51
7386 133
3025 67
1935 30
1029 18
8301 148
4220 65
2425 39
6839 122
3504 74
6725 124
8456 150
8257 148
244 6
5558 89
4136 82
5288 86
6270 115
2221 34
7309 133
4496 69
3094 63
4692 73
1227 20
8799 162
3649 60
7332 123
1165 29
3461 74
2554 35
1329 21
1205 20
2834 53
7147 119
3715 79
6534 108
923 11
2918 45
6258 110
2039 31
2126 41
8957 165
1750 28
1752 31
95 3
569 11
3470 54
7399 133
3444 65
2365 36
647 13
3672 64
880 27
750 12
664 10
371 10
499 7
8763 161
4356 83
5887 93
111 2
6900 113
1101 15
5245 86
1143 16
5668 88
2310 37
4168 69
5671 88
3581 53
2488 35
1231 22
809 17
3124 53
487 10
4723 90
1041 25
5814 103
1582 25
1300 17
1893 30
2515 44
813 12
2510 41
888 15
2101 39
7050 123
6240 101
4652 81
1763 32
5919 93
3647 65
169 2
7706 139
6156 103
1705 43
4856 75
8642 156
-1
5630 92
533 9
5096 94
6408 113
3600 56
2197 32
1127 16
2805 47
917 13
5879 102
6735 115
2476 34
2225 33
4307 66
7949 135
5025 101
6842 122
1382 23
8087 148
5204 85
1657 21
3521 59
2729 62
8109 141
3803 61
1185 18
3773 61
6523 118
6259 104
5020 80
770 20
6151 101
247 5
603 12
1644 35
1017 28
1058 25
1588 24
1417 20
8036 147
5686 106
7309 121
7719 132
2551 38
3014 47
1481 38
1060 19
1701 25
6156 114
8185 148
5097 81
2083 52
8564 152
3590 63
1841 40
3522 61
4116 66
7649 141
1836 36
3168 52
772 14
6803 117
4310 73
6147 98
5303 104
2603 35
1072 28
2076 42
1009 12
5152 81
221 3
8318 147
1988 47
5126 81
3769 59
4125 62
4778 75
4402 69
7058 123
2499 41
3323 49
2125 30
976 16
4270 71
6370 116
9111 167
3514 54
7467 124
1522 25
7164 125
539 9
2723 41
4669 76
6787 117
2503 39
561 13
1275 23
1733 43
1746 26
2642 62
5743 99
575 7
5913 96
3437 74
739 10
3948 58
3453 59
4437 89
3659 64
4607 70
879 24
1662 30
367 6
525 10
4685 88
7586 137
2527 37
1388 26
5356 83
4436 68
7531 130
3854 63
3294 62
683 16
1441 24
1321 21
1982 31
3697 59
3531 53
4316 88
9418 181
135 5
5715 99
7310 121
588 10
1015 18
2630 42
2014 38
5422 87
5025 79
6286 110
813 13
1483 25
1998 31
4829 94
2932 41
2626 41
2587 53
753 13
158 3
4812 83
1370 34
4489 80
7970 137
684 14
6585 108
1113 20
7582 130
4404 75
3812 81
1481 38
1542 24
647 11
1324 19
1854 28
3576 55
3979 63
104 125
3009 49
82 2
2287 37
4404 80
2609 39
2658 48
9171 169
4398 80
630 16
35 17
3751 80
4106 77
6202 102
5107 87
7331 130
4924 78
1687 27
4234 70
1303 22
2864 49
4650 91
546 6
1405 21
2052 32
3572 68
1382 18
2341 38
3691 57
9787 185
2214 33
3249 48
1923 34
3665 63
6820 112
1819 29
4367 80
1094 25
1875 36
979 14
4282 65
5913 95
3532 54
406 2
1594 24
1618 23
1000 14
2193 39
3283 56
3847 63
1011 16
367 11
6729 112
3568 56
1936 31
2845 60
5103 88
2495 59
1755 33
4431 71
4171 69
7429 123
6173 114
3424 51
3870 58
5220 94
4174 64
5104 80
1896 28
7470 134
5280 82
4140 77
4845 74
5249 100
358 5
4710 74
6242 109
2317 35
2718 56
2285 49
2753 51
3314 58
580 12
1703 30
1946 30
1546 24
7792 143
8192 140
2965 43
7419 130
8499 154
4277 80
195 2
7944 144
8528 154
3067 51
8923 164
2957 47
9037 165
931 14
4870 89
6857 122
1647 36
1393 22
1490 21
176 309
3238 54
1927 29
3685 64
3986 66
7440 126
1186 20
2330 47
5601 97
267 9
1058 20
3685 55
2710 49
2767 60
1771 33
3248 48
4109 75
2550 40
8807 160
3628 61
6653 122
3236 47
1156 19
3515 75
5534 92
6207 117
5030 79
6398 117
2509 57
7830 132
4480 69
841 25
664 9
1623 27
1594 25
1263 24
4722 90
1401 24
2355 51
305 5
274 3
5153 81
6582 114
1639 26
3123 56
2725 45
5192 95
5043 78
5912 103
1950 29
5387 84
2521 43
3468 54
2059 30
1322 18
2693 61
1163 19
3046 62
2423 56
757 15
904 12
2064 30
7569 129
2852 46
5067 84
6810 112
624 13
8548 152
4980 88
4592 77
2751 45
2092 33
3607 64
473 7
5259 81
1543 21
4829 86
417 14
474 7
2531 52
5319 93
7421 122
1439 38
3463 57
1076 23
2041 32
3129 47
1154 33
4948 79
4497 71
2834 45
743 16
430 5
345 3
4471 83
701 20
7416 132
5018 86
4415 74
865 26
2055 33
6674 110
296 5
3539 61
4241 73
6867 119
4983 77
1438 30
2016 30
1101 15
2380 37
9 2
5891 111
1294 21
2442 55
2745 45
2409 37
5793 92
4147 68
2467 41
3700 69
410 8
4458 75
1491 29
931 13
17 6
1590 29
4018 67
4578 77
8484 151
4303 84
691 13
6997 114
737 18
5166 81
3414 51
4143 82
2077 35
45 20
6844 111
1496 27
642 12
2885 45
8264 145
1414 23
1829 25
4149 78
1099 32
1136 25
5752 90
524 2
6196 97
3318 52
3765 58
5037 80
515 9
948 23
1191 17
1234 31
6334 105
2361 40
2177 36
497 14
2130 45
70 2
1932 29
681 9
587 17
588 10
5109 87
2768 43
1180 22
285 5
2077 41
1170 20
7764 132
5817 101
38 18
487 13
1928 29
5029 77
4401 80
6168 99
8449 151
2213 41
8323 148
5133 80
4460 75
2961 67
2806 45
2881 59
4249 84
2970 47
47 1
807 12
563 11
4499 70
197 3
512 16
4672 72
4563 70
3080 64
2271 48
6173 97
7618 137
2115 45
1442 23
2416 52
1513 27
6514 108
728 12
2475 57
734 15
5691 90
589 16
72 2
3764 69
5436 87
1731 45
2660 38
6457 106
1968 31
5879 95
61 1
5090 79
1456 38
5495 92
68 44
2741 45
1477 23
5320 84
958 20
3727 58
6745 112
1505 21
162 1
3609 63
5287 83
1085 15
2315 37
1404 20
6721 110
518 12
1024 18
972 17
448 6
7481 124
4710 77
4439 73
4706 92
1807 32
505 13
940 23
5099 80
4138 63
3178 52
5549 90
5368 87
2070 32
6182 114
5395 102
7250 121
537 8
118 1
1114 18
1450 23
3449 57
2346 36
230 6
854 23
2852 54
4844 78
1620 41
4545 89
4486 73
5552 92
4661 83
6397 102
1120 17
6778 112
8591 152
1378 27
7019 114
767 19
3827 66
2058 31
2200 36
4004 81
6017 98
367 9
5961 96
1781 28
3808 71
449 7
413 5
3566 64
756 14
4123 84
1854 31
564 12
1880 35
1903 31
3791 82
4795 85
7006 124
4073 79
212 5
51 2
2257 33
3789 58
3594 62
1937 29
5427 87
2952 60
2421 40
5120 80
9669 184
2922 49
2783 40
1132 22
6586 112
6399 102
3494 55
2831 47
4454 81
3672 64
2321 36
1881 31
6512 112
3372 66
4925 84
3968 59
5788 94
1869 37
2386 34
223 4
3471 52
7551 126
5107 91
4458 69
1793 29
1202 23
4559 72
2014 40
2571 59
5305 82
2759 45
287 5
3152 48
1482 32
4588 82
1318 20
3926 64
3879 57
872 26
1425 21
4995 78
3724 58
6152 95
4613 84
1318 32
7383 124
8258 145
3097 48
4662 73
5003 78
3176 49
1646 28
236 3
1476 28
5659 90
3328 57
3065 68
3158 50
1070 21
525 12
8966 161
2058 29
8761 157
8529 153
1520 40
665 18
31 2
3315 52
2418 38
1817 32
1396 33
8732 159
8580 157
2213 34
5595 90
6318 112
1091 18
3964 76
943 23
4304 67
5146 80
1921 25
3419 54
4045 75
2609 41
494 9
865 13
3210 69
4639 83
2270 54
3026 50
1277 25
6757 106
567 10
1709 38
300 4
7876 136
3041 56
4811 75
4962 89
4072 62
4755 82
7204 120
2740 45
2603 53
2118 32
147 2
5110 101
1479 29
4669 73
440 12
827 20
1515 23
3297 48
2898 48
6988 113
2166 30
4780 84
369 7
153 1
129 178
6276 108
4117 84
5659 89
1771 30
2888 45
2106 32
757 20
177 4
2614 39
3149 48
4573 81
4003 60
673 15
725 13
375 6
875 16
4321 69
1223 19
1905 28
2245 39
6798 109
368 8
6852 118
2644 37
4496 81
142 3
6066 100
381 11
7881 135
3287 74
750 15
3280 51
3928 70
4470 70
5174 83
5647 88
1161 16
3465 51
3936 62
7373 129
7066 117
6810 114
3175 47
928 17
4103 62
2048 32
2856 43
5954 94
2112 40
8545 152
5314 84
6497 118
1930 31
2733 41
1644 28
2716 57
6815 111
9690 183
9128 167
542 7
1644 27
1080 15
710 18
2398 37
862 12
917 17
4077 63
1217 20
9174 170
1677 27
5244 81
1377 27
1539 24
6446 112
5883 94
4522 71
4714 74
3821 71
6425 106
805 16
1335 25
2291 35
5708 98
2657 48
1773 30
9240 171
170 1
3024 50
2679 41
2521 37
508 8
753 20
163 3
1159 19
4630 91
550 13
3810 58
1114 22
4095 63
367 4
786 13
4344 68
3317 50
1138 20
4618 94
5842 104
1630 23
3242 56
659 17
2034 35
841 11
2683 43
8996 167
699 12
5909 106
1037 28
2655 41
1450 23
2140 49
1402 34
3731 52
5095 92
7102 124
2380 40
3654 58
8129 146
6437 107
6241 110
4530 70
5301 87
3000 43
897 17
3450 59
656 10
3932 61
1750 26
4521 69
3849 78
4421 83
6300 110
6539 107
3139 52
761 13
1367 27
1146 13
2880 66
7237 127
910 16
1225 24
3850 75
6145 107
2082 35
6078 99
430 9
2253 42
5831 106
369 8
2581 40
4396 70
3394 57
2229 37
2180 37
4698 74
5966 96
1531 38
733 13
1349 33
2297 42
3831 55
4492 67
2239 42
1936 28
8110 138
906 16
1735 31
1607 29
182 3
3667 61
951 16
1427 22
1155 30
5486 84
2917 46
3767 60
2446 44
2615 47
284 5
2003 32
5119 81
3594 58
3619 59
2070 32
4017 63
6351 104
1702 26
2217 49
1885 30
3735 79
6035 97
6733 112
6733 111
923 14
388 3
694 20
1077 19
2864 44
3146 46
2408 45
1754 27
5913 101
6571 113
2298 34
998 15
1207 23
2843 60
4291 86
2761 56
174 8
3580 56
175 4
1833 28
4712 77
2505 44
6643 120
371 6
2217 40
1309 19
4371 84
2464 46
1850 28
1385 37
3035 47
2976 47
2464 52
6178 102
4506 70
95 3
26 10
3389 73
3420 62
865 23
7013 114
3728 58
2142 46
184 3
2103 52
2890 49
4489 71
66 1
2923 44
1676 25
1975 31
2539 47
5666 105
6309 103
4782 79
515 13
6852 112
4771 77
5753 92
4849 76
103 5
7201 133
7902 135
169 2
6780 117
2920 42
7331 131
7677 129
4729 73
6924 112
2111 40
1124 26
5256 80
6852 127
1355 21
1747 27
1626 25
6763 125
1426 25
5304 93
3958 75
3261 54
652 12
633 10
461 15
4685 73
3370 53
503 11
2707 44
1924 34
3295 52
671 16
92 2
1360 33
4043 61
3542 59
2445 43
521 11
905 22
665 13
106 1
3266 56
6928 119
5477 89
3755 69
5485 90
7285 132
4986 95
3176 67
3516 67
151 1
1823 28
8290 148
4269 70
7945 137
864 13
7225 118
3951 60
1592 35
7247 131
2057 31
3565 56
1129 30
1656 25
2934 46
6339 99
9178 170
203 3
2415 37
2076 32
2836 53
7494 135
791 11
5312 85
3675 58
2637 52
3662 78
3024 50
2512 42
2655 40
9252 172
1502 24
1024 18
8379 148
2427 38
289 3
159 5
3164 47
6106 101
8233 144
575 12
2070 33
5882 96
2343 45
2592 42
5884 102
7337 122
6434 107
3509 61
3531 53
6317 106
3328 50
2132 39
891 15
5095 87
3598 57
80 1
849 16
2190 34
3426 54
1695 32
3744 64
525 17
2052 33
3903 75
1376 25
3088 49
4631 79
6729 111
4769 86
7910 137
185 4
4248 73
4841 75
8149 140
1356 31
3189 46
575 10
5834 94
1896 39
739 18
4950 76
708 12
8427 148
1555 21
3640 58
2205 36
1724 31
5110 79
1559 24
2612 43
3126 53
1043 22
4978 86
8424 152
1736 30
3430 55
3873 67
4524 68
4674 83
2377 35
4706 75
310 8
1519 23
2066 38
5890 96
7531 135
2576 43
1517 23
3736 57
4610 81
6598 108
5143 79
1023 27
3047 46
2634 42
3008 48
1022 16
1007 24
3091 49
3870 80
7042 125
146 6
2129 43
5039 77
1034 28
8210 143
1961 30
8056 141
6441 106
4269 80
1047 18
269 2
279 4
7689 140
1825 29
853 21
4445 89
8068 146
4256 65
140 3
5419 98
4916 76
8026 136
741 10
5742 89
4459 75
1087 20
221 4
5666 110
6525 119
4263 64
197 3
1928 31
3047 48
442 11
6381 105
9161 169
1139 21
7091 116
848 13
609 16
1809 38
3212 53
464 8
390 13
3025 60
6970 119
4685 74
5005 85
1982 34
6288 111
4760 79
5708 90
1294 21
2967 60
3590 63
4692 91
2943 47
4878 78
6918 114
6571 123
3667 57
1350 19
9165 172
4180 65
5939 95
1788 27
6085 105
4991 85
3912 66
1554 31
2657 50
6761 124
6643 113
754 21
516 13
5963 106
1892 31
144 2
6873 114
458 9
6060 95
3298 72
2883 48
3116 70
778 13
2525 40
8725 157
3239 51
8994 162
4714 73
2090 33
3173 54
792 16
6606 105
2324 36
516 10
906 16
6841 126
4054 61
2961 45
8104 144
3648 63
4028 68
1092 20
5551 102
464 12
5092 80
3742 64
2341 38
1425 31
7670 132
3226 56
5481 105
8684 157
7039 113
2463 38
290 4
1426 22
671 11
4463 70
262 5
5454 92
2835 56
2373 38
8961 165
3905 61
2786 49
5617 90
2570 49
2942 66
2919 44
5793 91
8513 152
1682 30
5060 79
8334 147
7527 129
3197 49
261 4
376 11
6717 111
8948 164
8167 141
82 76
1956 29
5492 89
5892 98
6002 105
1083 20
101 2
312 6
4759 73
5293 91
7004 129
5819 92
1079 18
2498 37
3484 78
5628 97
1133 17
5110 78
2533 38
4468 73
2530 38
9342 177
1887 36
2954 55
3520 59
1396 26
1403 21
1325 24
7380 134
1409 22
2664 44
568 9
1918 34
1700 34
3545 58
2866 41
1964 37
3379 52
5848 102
1 1
2492 40
9032 167
5190 81
6294 104
2915 46
8308 149
1780 28
3784 58
1190 16
6699 111
3320 51
2071 30
1837 29
1688 26
9243 170
2330 43
5749 91
2439 37
2526 40
1887 29
1846 45
8418 151
3590 56
4099 65
3927 59
2876 45
5633 96
3728 58
169 5
3707 69
1150 21
4223 85
4614 70
3318 51
421 6
5591 92
1563 29
5428 83
1384 26
4666 71
10 3
245 5
6908 110
1874 30
4593 69
3505 61
4229 66
3438 63
1696 29
5034 79
6064 109
829 15
2445 43
2029 29
347 7
4668 73
1857 31
240 2
3888 60
2469 44
4089 82
1559 24
4547 78
3013 49
1371 18
3679 57
4040 67
1056 18
6864 113
4759 96
6404 101
4418 88
881 13
108 4
6137 103
165 1
996 13
5389 84
2138 37
3087 46
2094 38
776 10
1876 37
1573 26
181 2
509 8
5899 92
5849 92
1404 23
2436 33
5121 91
3239 54
5545 88
597 9
1324 22
479 11
3079 66
3195 52
3663 55
4278 85
7367 129
4040 61
6515 119
1702 32
3749 58
1393 18
5926 113
307 10
1382 33
2157 46
3435 55
1337 32
1532 39
1439 22
4841 74
3644 56
1360 26
1541 24
2325 43
4866 95
2574 53
703 11
8706 160
1652 27
2870 46
762 13
6955 114
2242 39
1309 33
2366 40
7864 137
2494 35
4454 69
314 13
81 5
3683 69
4909 77
3962 84
2185 34
4173 65
6524 104
7442 123
1288 19
5583 100
2795 45
3501 53
3311 49
6887 111
8632 153
3295 52
2006 28
1457 23
2949 45
2209 34
1588 30
944 23
193 1
7017 116
1124 22
53 2
4829 83
3538 53
4445 73
2377 37
1179 19
2272 43
8350 144
4754 94
1657 27
4759 70
4308 66
5734 101
625 9
5319 82
4340 67
8373 150
2053 30
5914 94
4751 73
4337 73
3480 56
3739 59
899 14
6332 108
4703 92
3770 69
7459 135
5560 88
2226 34
921 15
4928 77
4857 83
228 3
2034 33
277 5
6272 105
5150 79
466 13
1436 37
822 12
2965 46
2289 35
6619 114
2382 52
3449 54
2861 66
4320 67
756 9
185 7
4049 76
6069 107
2076 40
3037 49
1058 17
1733 27
232 5
724 13
1020 24
1818 34
1512 24
1702 44
680 6
2245 48
4014 63
9367 178
1382 27
173 3
8063 139
8170 144
7625 129
4183 79
3813 61
77 56
3568 56
7081 117
1824 45
5351 85
1894 43
1834 33
217 3
5185 88
26 9
9334 175
4476 74
2537 35
5208 102
228 529
1034 16
9148 169
353 8
1309 22
4931 90
7403 133
4885 81
5066 82
5738 92
5048 90
585 11
2741 44
4679 76
519 10
4610 73
956 16
857 16
3227 49
5191 102
5195 81
2384 37
2728 43
3106 52
7123 125
7869 133
2155 33
2267 31
6015 94
5618 92
7819 136
2577 53
837 14
5608 97
142 1
5370 84
731 10
203 2
1517 23
1044 18
329 4
3284 48
4709 74
29 1
6021 105
143 3
4370 65
2520 37
178 4
7278 126
3141 49
1259 30
2161 34
77 62
287 4
1564 26
937 14
615 14
6736 111
1485 22
6591 108
2349 52
7628 136
725 19
6062 100
673 8
738 19
6744 124
1948 30
6188 99
4439 69
3759 54
167 2
734 11
5291 85
6482 114
3043 47
5848 97
228 10
120 2
1418 21
2011 32
8002 135
125 3
9139 167
4182 70
1015 16
1128 17
8847 160
4920 87
6750 123
6442 104
3588 55
4158 64
463 10
1640 33
6684 125
7822 139
6242 97
5080 90
5039 77
2489 46
8703 160
1027 19
7071 130
4425 75
9034 164
5864 101
8346 148
4413 85
511 5
2435 38
4443 76
1441 26
5873 98
7933 145
4007 65
800 14
2166 43
4974 88
2940 45
1637 31
4769 77
1627 26
4089 67
310 7
5346 92
2065 38
274 5
769 10
4749 93
5777 102
5740 94
5830 101
7643 127
4108 82
5229 81
2430 35
3527 60
5706 100
4392 68
7329 121
9216 171
3717 57
6031 95
3551 55
4993 88
6572 120
3952 62
1671 38
4028 65
1406 22
1649 29
1672 27
7829 142
4756 93
1747 28
181 2
3405 57
799 21
3424 74
4392 67
7877 142
2638 61
4198 65
4116 62
6424 112
6532 111
437 6
1186 34
2233 40
1901 30
8128 140
1453 29
9012 164
76 57
2309 37
2921 45
3480 58
565 14
6977 120
1316 18
2564 42
2495 38
5798 102
2468 38
4433 67
1582 21
6068 98
2284 50
3313 55
5172 82
860 15
1041 20
4452 87
1501 39
2467 42
1501 26
4863 84
2671 43
4397 65
2677 42
2486 45
6951 113
6161 107
3261 52
1598 22
2620 37
2702 41
1728 31
3795 54
1336 23
3899 74
4687 77
2992 45
6740 117
829 14
931 12
5091 94
7303 127
4362 78
915 15
4025 66
849 16
1066 16
9797 185
8048 147
6263 109
560 10
2880 55
4410 68
582 12
2720 43
5099 77
4145 63
4643 70
3171 50
707 11
314 7
232 2
1408 27
589 13
8578 155
4815 85
1875 30
5606 86
6386 112
6677 114
5152 84
5541 96
1116 17
6595 104
1911 28
7857 135
931 14
3042 48
7121 125
324 10
1215 22
2880 47
2786 42
2067 45
2945 66
2773 45
1555 22
1289 28
3594 56
3204 51
834 11
4300 69
1336 26
2266 48
1090 19
2683 41
1620 38
6919 128
2839 45
1961 42
981 16
6055 100
4994 78
6883 128
6310 109
1431 28
1291 25
3865 60
2746 48
3339 54
7735 142
182 1
1848 28
5057 98
2425 39
2361 41
2757 40
6407 104
5678 101
795 14
829 12
3624 64
2348 57
4687 76
3805 59
3805 63
1886 39
2812 45
8293 146
6544 109
859 13
2993 46
1050 20
1017 17
5571 92
1887 37
854 14
5253 96
5668 92
1397 25
1637 29
856 15
4449 74
1331 21
6230 101
5304 87
8571 153
5786 92
5409 87
1017 24
3688 69
3874 63
3780 62
1202 28
4155 78
1922 28
2420 40
5418 84
7101 115
2132 33
4184 66
1910 43
1895 45
8821 161
4170 67
3882 65
4511 71
1666 25
3767 64
3382 55
803 24
6846 127
1339 19
6450 105
6448 104
2695 54
1270 23
9383 175
1697 24
2087 41
1788 27
4788 73
5424 87
2906 54
205 4
5012 98
4118 65
1302 22
4565 71
3794 61
3917 64
2256 35
9 1
1294 22
689 17
1319 34
5233 99
1231 24
5964 95
1098 15
2635 43
1085 18
4502 89
7059 116
502 8
667 8
4673 72
2127 45
6436 104
4121 63
4165 63
6803 118
48 2
1928 35
3007 66
2516 51
840 16
97 1
1358 26
1027 17
5789 101
1175 16
5971 112
1939 28
3415 54
295 5
1256 17
4247 64
306 10
537 8
3505 55
2834 65
1434 33
7093 116
2955 49
3484 54
672 18
1191 32
3183 52
8313 147
5500 94
4933 77
1413 29
78 60
4748 79
4069 71
5482 94
585 5
3749 70
2100 46
4993 99
7493 125
2307 38
3333 52
7427 133
3765 82
209 3
232 6
2758 48
1655 42
4835 74
1026 20
1625 27
5713 100
913 13
7387 122
5728 92
3026 47
224 4
3996 60
1173 14
2734 63
7754 131
7364 131
7827 142
262 4
965 19
1911 28
5944 111
2150 33
1235 24
4463 67
4412 69
3245 48
7308 131
6810 111
632 7
1872 40
469 13
4846 76
2266 48
36 2
3021 48
2747 43
2143 35
3957 60
4411 70
1970 37
802 23
1009 19
8098 143
1076 17
5647 92
7046 115
5531 88
3647 56
4627 79
1728 32
379 7
3777 55
2743 41
1911 47
2639 41
3530 60
7683 141
5515 88
2170 34
4860 86
2512 47
7336 128
2164 38
2571 44
552 11
1278 28
4258 65
1677 27
1459 29
2734 42
3447 68
1675 25
1839 39
5122 79
1816 35
3804 62
2501 47
5827 92
3214 54
3259 52
41 25
2593 39
780 14
2913 46
3264 54
2459 38
370 8
7958 135
2768 52
2234 44
23 1
2375 44
4963 83
6331 106
1744 31
4627 82
4072 65
2537 34
2704 44
601 9
1221 19
1752 27
3369 50
4552 71
1882 28
2571 60
3299 62
614 9
2621 40
6315 109
2607 43
38 15
504 12
1914 28
2742 56
5499 85
1410 35
3377 51
1828 29
3028 47
2256 42
1228 19
2874 43
867 16
4676 88
7423 134
2158 35
6201 99
4063 75
3084 49
1758 29
118 2
2719 57
1160 19
6587 110
6878 114
3317 59
3031 50
9543 176
21 5
2253 38
3347 51
1552 37
7800 137
3957 68
5350 91
2810 41
749 14
2297 48
5283 105
5487 91
3399 52
597 9
8569 153
369 7
7045 116
2832 45
2296 36
6147 97
7011 129
5216 89
3326 50
1284 20
1608 41
1092 16
4683 71
197 4
5931 112
6187 108
324 13
5626 90
2329 55
510 10
4451 73
257 5
8280 147
3234 52
7622 129
8560 153
1413 25
5611 98
4859 76
6007 98
708 12
3341 61
1213 21
2443 37
4613 79
5037 84
581 9
3588 80
2980 45
49 1
3354 49
748 12
2123 31
7606 137
8243 149
958 20
3607 54
4253 65
302 5
5806 92
2431 39
4181 81
745 12
759 8
705 9
7434 128
5201 92
4387 68
2153 36
6047 98
1996 29
268 1
7643 138
9802 186
7556 135
3383 51
2420 43
457 4
5949 100
998 25
2881 48
7558 127
246 5
1526 40
1694 27
1137 22
5628 106
247 5
4886 77
3613 55
7996 141
6740 110
4292 66
957 19
419 7
1157 30
606 10
6423 107
4535 76
288 6
2346 36
6611 118
2245 49
2323 38
6226 103
4201 78
3285 53
4268 85
2421 45
433 7
1038 18
9359 172
3232 50
1890 28
8432 151
6456 106
4753 73
1795 27
2744 51
8177 141
2924 47
5266 103
2325 44
1717 38
1699 30
2571 42
4302 66
30 1
2908 47
2525 52
580 12
3396 52
6133 99
8107 138
5891 104
3135 70
801 12
2857 44
3955 75
531 6
3007 50
5853 101
4562 71
2830 45
262 4
1829 36
5748 93
2420 39
2627 49
4779 77
4712 73
586 11
7206 131
1799 28
2710 41
876 11
1417 22
7952 135
1842 29
1843 28
1743 38
2998 49
546 13
2036 33
2133 31
5480 89
4491 67
2669 48
6988 116
216 5
2536 42
1910 32
318 8
8623 152
514 10
360 5
212 2
4791 73
169 4
3397 53
782 8
1278 20
351 7
2531 40
1605 25
813 13
2176 35
6148 97
2733 62
1019 15
974 28
7760 135
5286 80
1532 39
2123 49
2438 57
6686 106
2104 32
1239 23
7787 135
8841 161
3127 54
2392 36
2947 42
4 1
6829 118
408 7
4225 67
5302 84
1538 28
1118 19
2896 61
81 1
4992 81
6154 106
2161 52
1935 36
3904 74
3530 57
626 12
2854 48
2512 33
1507 26
1864 30
3595 52
4402 68
2092 30
4958 90
2169 32
716 16
6396 118
5330 93
4437 68
1189 19
2629 37
6654 122
1267 19
3550 54
2840 40
2214 55
287 6
4784 80
8266 146
5217 82
391 7
4086 85
6295 98
5795 91
2688 37
1033 23
5786 110
2522 41
6599 109
5886 110
659 16
4843 73
558 6
7388 124
1110 18
358 5
5676 94
2019 33
3300 55
4622 71
3490 52
4387 69
4006 85
2645 39
8536 156
3450 62
5212 87
323 5
6681 114
4251 73
5599 91
1362 20
9167 169
4251 66
4571 79
6009 99
3318 58
2054 48
215 5
2214 50
3499 51
545 7
3167 53
1980 28
7696 138
363 5
6477 109
2404 40
208 4
160 4
7538 131
2109 35
375 5
6984 116
5027 77
5237 87
440 6
5405 96
3894 75
8956 163
5507 86
1332 22
3054 44
1815 28
1715 35
4446 73
3129 53
242 3
5391 84
5570 91
2241 36
5930 93
4261 80
5612 89
487 11
6068 96
1370 25
4636 82
4040 82
5349 82
4818 81
4388 67
3189 49
1129 23
3469 73
2192 45
2285 36
2041 33
7324 129
1331 19
7957 145
1189 18
6117 97
3867 67
472 9
972 15
3753 74
64 1
98 5
4128 84
3618 54
2214 34
3936 62
7424 134
4079 61
7522 129
4047 61
1061 16
4068 67
1858 29
5756 99
622 10
8914 158
3165 49
985 19
8759 156
519 5
1503 29
5159 83
2192 51
4715 73
3430 60
4734 74
1209 17
2291 38
5728 92
1233 22
2141 54
2254 36
5310 98
6636 119
6829 118
1108 18
3336 71
7912 144
6806 110
2370 40
8727 155
3400 49
5222 92
1599 37
165 4
908 23
6064 99
7713 132
3607 57
1194 20
6080 100
2817 46
2568 42
1674 28
2007 49
5554 87
113 3
3988 65
5266 82
3122 52
323 7
1216 24
6615 125
1574 24
5798 95
742 12
2044 51
1058 25
2475 42
1056 16
3312 52
118 2
8713 160
4160 68
7191 119
3276 49
3518 56
1001 17
4313 67
4866 83
6271 101
2336 35
2998 46
195 3
3568 56
3167 55
1389 25
1769 31
1981 32
3547 78
4921 89
3109 47
4405 68
4201 65
4561 91
7234 133
4265 67
5177 85
217 1
6698 112
1979 43
6264 111
6765 116
4177 69
6613 111
4639 70
4503 69
5157 79
3989 64
6806 118
8017 147
8214 141
3946 76
5314 102
2109 35
2441 36
5834 96
3830 59
85 1
1470 23
1288 27
3177 70
1630 32
9540 179
2627 40
1343 31
4144 69
4424 80
6278 109
1779 24
3128 52
508 11
5123 101
103 112
7318 128
6361 105
1974 30
1812 38
6153 97
8404 152
457 4
7732 135
7348 123
4097 67
8307 145
6280 117
7053 124
1756 32
3173 57
4383 74
9465 181
4276 84
3517 60
5458 97
1648 25
2465 49
3747 57
4321 72
752 14
965 19
669 12
4303 67
3063 48
4727 75
8511 154
1576 31
1872 30
2536 46
1594 24
8948 163
2564 51
948 23
2959 67
4989 76
1818 28
2530 40
517 8
187 2
1778 28
1083 20
6688 110
736 19
4911 84
2900 45
1532 39
4640 92
5755 107
656 13
1312 30
756 15
2504 52
2109 32
487 8
3826 72
3388 57
131 4
3469 60
1905 29
7920 137
93 4
6931 119
3700 68
5508 86
2135 36
4432 72
1658 26
1972 36
1271 21
2635 48
2605 43
4212 69
6799 109
6436 105
5982 108
2499 40
1314 24
670 7
4587 81
388 3
1469 23
290 7
7009 129
1845 32
5158 84
2879 47
2909 59
635 13
4059 65
2455 40
444 5
1198 18
1826 42
969 16
2877 61
1592 41
1393 19
8849 157
527 9
134 1
9321 176
2375 43
3525 53
5070 92
810 12
2249 38
2989 61
6270 113
4172 68
4425 69
664 11
16 1
3237 48
7283 125
458 6
2156 32
7305 133
5481 87
1496 25
1650 25
2930 44
2006 41
6416 105
2408 39
4455 67
432 9
5817 95
5165 78
6286 103
3965 60
2226 35
3364 51
1627 27
8855 162
4731 88
1615 27
5850 100
2773 48
2062 32
3205 67
9181 169
1410 21
4148 70
2995 51
3678 62
911 16
4355 73
5740 109
308 9
4876 81
5382 93
5467 84
7641 139
6838 118
6110 99
2576 57
586 7
1064 16
2919 54
93 2
3039 47
3688 59
1714 26
3093 58
1432 27
2858 59
4934 96
773 13
7702 133
7306 127
2383 42
5926 99
199 2
6196 108
4525 81
1953 33
6262 111
2521 50
1892 29
3942 63
7183 122
9042 166
1674 22
2079 29
5386 102
9662 183
3216 56
3316 54
314 7
5071 78
2171 33
1968 33
7229 126
9188 172
4701 79
2422 38
286 4
1813 33
2915 46
1377 24
664 8
1119 26
1821 29
386 11
4748 79
5549 89
7232 127
844 20
5203 92
4038 62
5177 85
4238 85
1705 23
3049 60
735 11
6128 108
7288 128
645 11
4260 74
3728 80
3864 82
7699 141
3296 48
2466 43
3131 55
2177 55
6228 115
24 1
5917 96
1069 17
420 10
3743 73
3287 47
3916 60
2982 45
5331 89
576 13
4093 79
1979 42
1919 38
736 12
1707 30
2821 45
6523 105
7132 131
5285 96
5627 97
1426 18
4937 77
3975 61
1625 23
4508 72
8531 152
1582 39
2452 41
1283 19
3915 63
7155 120
405 10
2856 47
3645 57
98 1
4478 67
2505 52
2960 46
3506 53
2731 43
335 7
1404 22
3772 59
4444 68
174 2
2175 51
407 9
7799 137
7097 119
6588 102
6381 111
147 6
2974 47
396 4
566 9
5994 106
2462 40
812 17
3830 59
4408 79
2915 49
3447 59
4090 62
1621 27
7501 135
5862 96
6071 99
2676 52
7960 140
9226 169
3871 60
932 15
7023 123
6140 103
1809 38
3476 55
7775 133
929 15
9334 178
1076 18
1973 50
1068 16
882 18
3174 50
2357 38
1985 32
875 15
106 3
4217 70
3010 44
1430 21
298 5
6226 100
2367 43
5928 107
2216 35
3697 63
2694 40
2969 47
4732 74
3750 62
5405 84
4636 80
431 11
1255 19
3544 58
953 16
1545 25
7008 130
1355 25
6467 117
4819 72
1084 14
1684 25
3242 57
493 10
3667 79
193 5
27 14
2044 33
2077 38
843 21
7482 127
1335 20
6018 114
1267 20
2014 30
5338 87
4162 62
4499 89
4078 62
927 13
5308 89
1284 16
5895 103
1021 16
2225 50
8843 160
1091 18
3493 54
1816 29
4007 62
726 14
769 19
3211 52
2294 35
2765 38
3835 67
6182 106
1683 26
2659 38
5499 86
3855 62
3253 49
2056 34
1496 35
3142 45
1805 28
5769 95
2111 45
1366 21
2438 37
3635 59
2382 36
7824 143
524 18
2174 34
1734 23
465 7
4171 67
5676 93
218 5
2674 41
2962 50
499 6
1626 28
4797 81
2454 35
1420 23
364 6
2549 40
7146 132
2477 38
6236 103
3737 52
450 9
7394 135
3701 71
4460 71
2963 46
1344 21
8557 157
596 9
9011 164
1097 17
5430 98
5812 91
2273 37
1659 45
682 13
1303 32
1328 18
3969 63
3043 49
5741 96
329 6
6603 123
1703 26
3465 55
1355 18
3478 49
3950 61
2170 40
1408 26
755 20
6179 103
81 73
4326 83
9776 182
2874 43
391 11
6902 126
1839 29
4660 71
324 4
3499 53
4125 82
1627 26
963 16
2966 63
1657 35
5367 99
5352 87
4526 76
4082 67
3930 64
505 9
363 7
428 7
5389 94
6494 118
1409 28
144 2
936 16
4271 79
2535 38
3391 73
4829 86
2189 46
1259 22
699 18
4150 68
3577 57
2651 43
3146 48
2764 63
850 18
8285 148
2032 32
2330 34
895 21
1328 21
6259 104
5778 100
6716 124
7730 132
2216 36
5034 75
911 26
1633 34
4305 68
495 15
1989 32
4261 72
1994 41
3541 72
2851 45
1736 40
599 10
1415 35
3722 55
2392 37
3316 51
6765 124
2491 52
4295 86
954 15
4119 76
1859 41
1534 40
261 3
3455 50
7129 129
1615 41
2888 44
616 13
4700 72
6101 107
4000 70
1160 20
605 14
1334 20
5228 92
7670 131
5357 88
230 5
2457 37
3643 57
6459 110
6938 115
5160 83
875 14
1131 27
7861 144
1714 34
3737 64
-1
4316 71
195 5
6293 110
5647 97
3592 67
4468 70
157 3
3356 49
975 17
361 6
3847 64
1708 30
2707 55
1063 13
1788 29
5933 104
6651 114
1316 18
4199 64
7378 134
238 6
7017 119
8981 165
5461 98
3533 51
2284 39
9625 183
6099 114
700 13
2359 49
2957 44
5248 85
6929 122
2442 44
4078 69
1304 20
8525 152
2524 59
935 18
3651 57
7206 124
1616 26
2924 42
2808 54
807 14
156 6
3099 49
3435 61
2040 35
788 19
8621 155
712 11
3329 54
4991 78
8461 149
865 15
1401 25
3587 61
497 13
36 20
1329 37
4411 80
3720 58
3683 67
-1
1592 23
6292 110
872 21
5207 92
4830 83
1762 24
2081 33
2313 43
3206 54
1522 25
1174 24
1663 25
541 9
2211 36
735 12
1646 26
808 12
191 2
7373 123
832 15
1631 24
370 6
1747 35
5185 90
333 7
1832 29
947 18
271 7
3072 47
3971 64
4174 64
2475 39
7183 130
8791 159
2999 68
2922 44
4187 79
1525 23
3193 49
1170 17
866 16
8403 152
3531 57
3326 53
3891 71
960 22
3049 47
1767 28
5202 82
7273 127
650 8
4075 63
4750 73
741 8
6361 111
7755 134
29 5
1482 28
5466 89
1834 36
7053 126
7370 122
2835 44
3848 63
4378 72
808 12
7165 126
6154 101
2103 33
2127 45
3342 56
3297 64
2361 56
634 11
1045 23
8092 146
1581 27
2098 35
1171 18
1048 25
2321 32
3033 47
3880 65
465 15
3715 57
2345 43
8005 140
5021 80
1673 24
8327 147
2025 33
5752 95
5557 87
3247 52
4089 70
4230 68
4038 81
1863 42
2056 41
4460 81
329 7
7110 115
1088 25
6355 105
7280 123
7307 133
5436 84
773 21
5619 96
6859 114
1906 43
2013 38
1687 33
3785 56
5137 95
2727 41
3168 46
3513 61
8184 145
9028 167
4580 73
8941 163
3775 70
2363 51
4301 86
3847 70
858 12
1083 16
1628 27
1012 28
6032 97
4629 91
4869 82
7618 132
1994 45
9351 172
3642 61
3172 50
8073 141
1695 29
3065 48
269 7
4324 68
1189 35
193 375
563 10
4706 72
2230 35
6354 118
1359 21
4733 73
2674 49
2592 38
615 12
909 13
1533 22
754 18
1848 31
445 13
4675 77
1747 27
2870 44
6646 112
1800 28
943 12
5283 83
597 11
1295 28
2277 48
6756 120
392 10
2317 36
3600 55
5084 91
2069 38
6048 100
292 6
551 7
5659 88
2019 37
6235 103
976 20
974 16
6506 107
581 6
716 18
79 2
2665 38
4330 67
1069 16
6328 111
1107 25
2687 45
1170 16
3107 48
834 22
1131 18
754 13
7450 134
4074 74
1564 32
95 3
2487 45
1200 23
1211 24
5231 85
844 13
4810 73
8018 136
802 13
1943 30
2201 40
7001 128
3333 49
3109 50
2418 37
23 4
4362 71
6170 104
1683 27
5677 104
3154 58
929 20
3604 57
6234 99
2154 48
8867 159
4353 71
7551 127
6963 128
2458 41
3961 81
3396 54
1705 26
4330 66
3710 57
3934 74
1340 24
3502 54
8257 145
895 15
5014 80
1096 20
839 19
3396 51
5253 85
5596 87
5183 81
1797 28
4488 73
3330 56
1625 29
1431 37
873 14
3574 56
5290 90
6133 108
4106 65
3662 55
3956 75
962 16
4149 82
5077 81
1480 24
4029 62
591 16
3812 65
5453 86
1697 28
3467 55
1904 38
629 6
7508 132
2012 34
3906 61
2274 40
5882 96
5412 86
3141 59
2426 36
1756 27
3316 56
3039 49
4737 85
791 16
7311 123
8076 137
630 13
6300 104
5347 104
2961 43
4588 72
3284 51
4330 65
1598 23
542 10
9081 167
1274 24
4617 73
1636 25
683 14
2444 49
775 19
1891 34
6482 119
6485 119
4465 70
827 14
2682 44
303 7
3843 71
5158 101
2132 34
7575 128
7204 131
3749 69
8218 145
6878 111
6517 119
2688 51
61 1
6137 103
2773 47
3948 61
7279 119
8902 165
3978 76
5238 84
998 16
6844 125
2356 37
6105 100
4753 85
476 13
8129 141
1823 30
1086 19
373 14
616 10
2742 62
2700 41
3532 60
5494 99
424 11
801 21
211 6
961 16
5814 96
370 4
5096 81
4176 70
7894 140
2748 45
5722 99
2270 49
4643 73
2029 34
4622 73
7573 134
4897 88
1775 36
6576 109
2049 36
2305 42
1621 26
7684 140
351 5
4666 74
1105 20
2495 53
2059 32
4509 83
4197 65
9442 173
6417 106
1595 26
1403 23
4503 91
2356 37
1233 31
1689 26
545 9
2480 37
4579 73
165 3
3595 63
598 11
